534
1185
1933
2009
2398
2542
2676
3035
3046
3389
3405
3515
298
514
1070
1381
1469
1630
2295
2321
2358
2577
2904
3031
3124
4
539
595
707
1178
1262
1707
2302
2917
2946
2980
3007
3558
3738
3895
4230
105
379
454
1088
1131
3057
3323
3435
3518
3724
4059
4079
92
156
175
215
468
534
788
1080
1207
1619
1727
2387
2657
3091
3880
4029
105
405
431
479
741
957
1225
1378
1554
1676
1980
2109
2152
2262
2884
3599
729
763
1521
1922
2755
2869
3144
3406
3908
4242
61
427
441
511
1386
3353
3726
3820
3912
126
323
566
930
1016
1055
1504
1542
1682
1921
2212
2240
2251
3077
3260
4137
4180
1030
1100
1389
2245
2421
2475
2614
3303
3354
3728
4146
125
346
498
959
1277
1426
1541
2029
3417
4139
752
1000
1482
1534
1932
1995
2060
2709
2862
3898
3967
1373
2040
2455
2459
2543
2658
2672
2760
2854
3416
3560
3774
192
370
551
605
1013
1108
1258
1499
1619
2001
2347
2351
2743
3017
3569
3845
4093
4223
346
818
1575
1612
1655
1907
2249
2611
2918
3263
3939
3964
4200
164
568
777
1234
1261
1349
1641
1788
1874
2539
2558
2654
2726
3304
3473
3573
4117
15
339
344
557
763
897
1339
1384
2083
2246
2781
2859
3243
3472
4156
141
398
579
616
856
1195
1535
1553
1562
1755
2933
2944
3310
3768
3790
130
733
842
1200
1397
1400
1716
2346
2441
2961
3027
3506
3962
4095
113
333
646
1804
2059
2482
2520
2656
2833
2934
3243
3958
4042
366
624
702
1440
2458
3051
3088
3819
3993
4115
4200
748
841
894
1883
2150
2242
2557
2782
2934
3145
3244
3305
3500
3601
3905
3957
4008
4156
4162
4244
393
432
999
1482
1944
2084
2202
2486
3483
3811
3818
4242
196
213
641
693
940
996
1179
1356
1667
1773
1896
2044
2057
2603
2686
2808
4077
4095
535
603
638
774
863
2289
2906
3045
3339
3632
66
157
367
532
806
1034
1243
1638
1993
3000
3121
3225
3537
222
1385
1705
2144
2304
2329
2452
3755
1054
1097
2173
2256
2600
2657
2992
3205
3554
69
168
455
569
1181
1543
2085
2287
2682
2684
2696
2698
2721
3437
214
396
434
496
1199
2017
2149
2588
3288
3747
3814
3998
28
249
910
1010
1415
1698
1836
1940
2399
2516
2545
2712
2863
3411
4013
4240
575
679
958
1003
1564
1708
1721
2026
2204
2783
3172
3208
3368
3527
3576
3962
3990
11
409
921
1092
2365
2463
2638
2851
2868
4241
14
226
895
978
983
1025
1176
1312
1435
1654
2420
2776
2793
3214
3603
4152
548
590
754
2101
2169
2263
2372
2851
3193
3314
4169
188
256
795
969
1212
1355
1433
1698
2150
2886
3381
3429
3896
3912
426
503
720
723
1078
1115
1533
1835
2105
2593
3413
3639
403
451
481
736
973
2077
2113
2209
2412
3301
3695
3736
3855
904
936
1222
1295
2446
3036
3312
3838
4014
4184
7
93
326
822
1008
2376
3270
3352
3425
3464
3529
3568
3578
427
595
947
1125
1729
2464
3006
3233
3334
3816
4209
478
1157
1333
1519
1849
2153
3026
3317
3323
3410
3877
3933
4056
153
362
454
561
670
1413
1758
2352
2879
3272
4002
4108
110
203
596
782
896
1644
1679
2720
3049
3440
3557
3909
165
517
594
663
886
1502
1674
2631
2798
3256
3274
3481
4027
419
1367
1546
1821
2320
2360
2521
2901
3246
3641
3655
757
1040
1461
1691
2147
2404
2949
3193
3675
3918
4081
312
1051
1205
1302
2062
2121
2396
3315
3743
4169
33
409
424
449
552
734
995
1003
1099
1478
1726
1846
2131
2146
2192
2436
2579
3157
3373
3396
3404
3666
3777
4165
4203
4236
195
866
995
1510
1580
2276
4040
21
69
460
704
1049
1242
1260
1600
1874
1986
2087
2128
2256
2494
2525
3183
3577
3793
3802
850
1525
1769
1973
2106
2204
2403
2986
3424
3484
3983
4078
4159
311
678
715
1132
1808
1809
1904
1989
2667
2837
3664
3725
3834
3869
4030
58
74
131
875
1065
1088
1323
2264
3235
3929
136
608
780
1173
1884
1972
3935
290
402
502
887
1139
1234
1312
1617
1835
2405
3139
3562
3711
3882
136
247
557
1163
1307
1961
2038
2386
2834
2978
3704
7
124
1275
1579
1620
3141
3683
3782
3991
677
734
1075
1396
1994
2152
2205
2797
2854
2878
3074
3254
3325
3352
3379
3521
463
839
1253
1926
2291
3164
3306
769
3081
3130
3434
3666
4157
20
487
1113
1398
2209
2420
2672
2859
3461
258
319
573
1688
1762
1829
1897
2018
2080
2268
2693
3556
3802
403
848
1110
1157
1847
2135
3380
3409
3540
3636
3764
4120
4131
104
173
217
294
902
1035
1242
1424
1428
2230
2495
2560
2875
3022
3169
3745
139
1013
1473
2311
2527
2620
3125
3137
3997
4214
971
1019
1632
2121
2161
2384
2468
2866
2929
3781
4140
458
528
607
614
1045
1814
1950
3205
3731
3873
4216
400
1415
1524
2281
2332
2370
2794
2887
2926
3036
3336
3422
3587
3768
4215
118
508
556
1512
1668
1864
2564
2731
2920
62
162
527
648
1571
1712
1971
2051
2613
2821
3264
3341
3356
3364
3532
3722
3939
515
552
818
1254
1465
1746
2135
2581
2635
2739
3317
3331
3450
3685
3932
3981
683
827
860
1343
1555
1992
2486
2915
2962
3335
4004
1104
1218
1967
2240
2529
2865
4104
59
248
406
472
965
1536
1562
2098
3115
3217
3684
3974
4190
158
726
2371
2543
2692
2702
2727
3116
4065
4075
24
605
898
930
1357
1361
2296
2298
2965
3236
3615
3867
3978
4043
900
916
1260
1559
1594
2924
3280
3401
3755
4185
378
796
800
840
1338
1607
2177
3175
3355
85
203
1231
1488
1732
1790
1856
2170
2931
3266
3357
3382
3405
3481
4064
22
426
786
1775
1888
1980
2409
2794
3431
3981
33
510
1498
1556
1599
1791
1799
1879
2621
2647
3000
3198
3235
3250
3397
3875
3907
255
420
689
1279
1390
1422
1710
1738
1891
2396
2888
3195
3539
3572
27
239
244
1160
1911
3497
3538
3752
3906
4173
179
231
644
1133
1284
1753
1916
2333
2681
2835
3376
3517
1170
1399
2670
3189
3350
3590
4041
4246
817
1102
1279
1282
1527
2066
2191
2625
3173
3664
78
768
809
1315
1567
1628
1984
2496
2604
2762
2817
3403
3502
134
1152
1336
1768
1828
1849
1958
1988
2227
2288
3263
3699
3851
3992
4091
4153
115
614
1202
1952
2584
2712
3459
1
314
389
1259
1807
1830
3015
3180
182
751
793
1134
1670
2126
2186
2467
3220
3275
3398
3725
3746
116
574
1165
1230
1535
1583
2489
3108
3809
428
444
602
1401
1449
1521
1792
2027
2076
2159
2283
2498
3249
3475
3578
3597
3750
89
390
1117
1616
2050
2129
2193
2317
2564
2608
2909
3253
4066
4234
389
726
871
1138
1180
1211
2086
2375
4047
5
118
428
623
837
1057
1147
1197
1418
1441
1576
1782
2118
2763
2804
3024
3096
3098
3259
3419
3758
3975
298
1002
1823
2623
2961
3460
3526
3530
41
186
399
424
1193
1614
2396
3614
3911
132
648
875
1728
2542
3093
3494
3622
3868
4003
4103
108
437
598
669
1055
1269
1355
1435
1568
2905
3113
3240
4017
476
976
3183
3873
3920
3926
4165
133
279
530
957
1180
1639
1687
2253
2705
2875
3543
3582
3750
4176
420
542
582
946
1288
1387
1675
1690
2665
2805
2899
2935
3343
3387
3767
218
721
1203
1226
1335
1358
1488
1918
2293
2493
2578
2727
2952
2970
2987
3130
3232
3459
3569
3642
3850
3990
589
948
1533
1683
2178
2216
2675
2714
2905
3289
3633
676
855
2190
2198
2260
2436
2569
3199
3415
3876
3932
275
820
888
1126
1428
1966
2101
2142
2359
2377
2713
2758
3488
3835
53
121
244
384
499
1053
1151
1214
1407
1860
1900
2013
2510
2791
2799
3451
3678
83
106
141
236
246
253
385
675
812
844
965
1027
1175
1201
1558
1777
2405
3011
3046
3157
3170
3542
3879
584
737
1255
1265
1615
1818
1875
3221
3383
3531
3588
3667
3922
4244
159
945
1298
1997
2031
2177
2276
3784
4193
622
727
880
1761
1776
1786
1799
2231
2308
2634
2889
3522
225
323
360
491
546
690
738
1127
1983
2369
2413
2986
3013
3392
4053
4076
443
1277
1569
1594
2278
2538
2808
3513
3558
3940
4136
50
55
365
1592
1669
1861
2277
2337
2844
3090
3200
3439
3624
3865
267
287
430
481
1151
1307
1455
1683
1827
2358
2412
2501
2503
3065
3255
3883
3994
4053
102
191
1075
1920
2090
2430
2602
2745
2794
2902
2972
3090
3117
3605
3852
3941
0
652
697
1047
1092
1794
1924
1965
2016
2246
2333
2345
2814
2987
3270
3491
4135
4138
13
376
627
660
686
701
895
2075
2275
2472
2558
2598
2601
2613
2651
2785
2786
3072
3776
3853
964
1103
1801
1999
2047
2453
2892
3533
3797
4226
280
408
588
674
1205
1209
1290
1362
1720
1786
1923
2022
2519
2572
2809
3166
3634
3708
4111
54
147
292
1028
1371
1383
1512
1585
2167
2254
2335
2438
3010
3018
3048
3597
3998
228
817
876
1085
1393
1670
1837
2190
3294
3560
3880
4062
104
190
322
329
1787
1877
1939
2040
2063
2447
2525
2633
3419
3541
66
286
983
984
1267
1359
2035
2568
3182
204
932
1100
1767
1919
1964
2141
2166
2571
3886
414
433
1413
1503
1720
1951
2142
2451
2922
2974
3022
3457
3493
3523
3618
3656
154
298
437
1249
1272
1426
1464
2187
3062
3408
3413
3940
3951
273
325
412
429
835
1043
1310
1567
1585
2226
2613
2858
2910
3048
3243
4130
166
582
1259
1390
2411
2620
2728
3089
3151
3203
3229
3239
3274
3506
3993
315
735
1023
1141
1553
2137
2531
2607
2964
3601
3702
3851
3982
128
208
480
555
741
762
1192
1688
1884
1942
2226
2535
3102
3260
1525
2061
2348
2355
2798
3151
3162
3558
3691
3856
4035
4051
247
528
569
753
870
1152
1262
1472
1635
1825
1971
2838
2966
3005
3608
3942
4087
354
372
731
1377
1425
1556
2218
2787
2955
3004
3062
3665
3678
3997
260
355
506
515
918
919
2254
2373
3045
3730
4074
26
37
439
908
967
1689
2044
2210
2429
470
580
2005
2398
2472
2774
2861
3061
675
999
1363
1797
2199
2507
2789
2891
3005
3063
3729
729
836
1071
1366
2498
3399
3837
4018
504
1516
2284
3314
3476
3550
3890
3977
207
261
396
401
590
1211
1697
1879
1926
2284
2387
3390
3630
3807
3897
3923
264
356
756
1059
1183
1438
1544
1653
2780
2871
2884
2950
2999
3161
3592
3870
669
1878
2136
2491
2558
2764
3078
3111
3174
3291
3456
3647
4159
237
306
567
622
940
942
1014
1672
1682
1728
1828
2184
2222
2354
2522
3078
3371
3612
3659
3921
806
1111
1276
1570
2319
2351
2559
2870
3001
3038
3759
4019
85
141
176
276
831
1970
2180
2258
2904
3108
3228
3505
3779
3796
3823
4206
188
830
1050
1168
1238
1501
1557
1587
1614
1652
2493
2699
2783
3025
3644
4037
23
52
434
461
925
1044
1820
2539
2919
3688
3743
3919
123
172
183
1061
1240
1364
1481
1491
2011
2324
2611
2749
2873
3917
3990
42
485
863
1283
1984
2131
3022
3142
3944
3978
4149
363
886
1618
2223
2690
2806
3099
3220
3356
3946
4195
4245
204
517
602
758
794
1466
1701
2160
2205
2243
2261
2402
2423
2555
3616
3685
3786
3825
3982
4096
769
831
1141
1145
1627
2179
2524
2573
2624
2792
2816
2856
3202
3662
3952
201
321
759
1257
2786
2949
3613
3623
4143
6
68
359
1110
1457
1883
1925
2442
2553
2719
2776
2820
2897
3176
3816
4088
51
200
636
743
1191
2203
2461
2635
3305
3550
3633
4224
221
616
843
1184
2124
2614
2813
3087
3147
3836
256
301
890
1173
1446
2141
2316
2415
2754
2827
3861
3896
4225
189
379
443
600
1747
1968
2096
2103
2649
3332
4001
4040
174
457
568
668
700
1314
1347
1463
1771
2237
2941
3019
4127
950
976
1032
2268
2563
2661
3018
777
1042
1295
1361
1450
1502
1978
2983
3042
3059
3771
3959
3977
3988
4023
4223
278
421
1661
2180
3258
3335
3345
3640
3863
4150
97
124
388
862
994
1019
1380
1422
1437
1469
1939
2129
2157
2733
2758
3004
3281
3821
10
178
637
752
862
908
928
1104
1681
1785
1845
2213
2574
2939
3056
3133
3371
3427
3456
3659
4002
4055
4085
336
471
596
1268
1395
2020
2336
2813
2910
3663
3968
70
274
501
953
1099
1591
1721
1838
1950
1951
2515
3164
3565
3687
3796
3905
3934
163
578
1055
1471
1516
1611
1860
1917
1988
2219
3008
3363
1171
1514
1610
1981
2022
2096
2109
2265
2386
2554
2761
2972
3152
3269
3407
3414
3723
4227
211
744
833
1979
2198
2307
2490
2537
2879
3101
3892
891
1187
1316
2125
2146
2440
2655
3423
3437
3470
3511
4213
337
544
1189
1399
1495
2069
2199
2225
2449
2550
2639
2868
3052
3308
3944
3958
4201
346
648
773
1555
1820
2077
2124
2260
2300
2573
2735
2853
3184
3306
3674
3718
171
327
1254
1871
2340
2368
2565
2567
2694
3464
4229
1103
1372
2192
2638
2836
2927
3255
3742
4100
4109
4228
49
261
500
1050
1286
1342
1439
1870
1882
2189
2582
3519
3607
3787
584
821
1434
1582
1699
2487
2570
2795
3707
4085
326
1613
1716
2251
2630
3379
501
1520
1777
2251
2706
2878
3293
3312
3776
4056
1118
1421
1460
1723
1931
2108
2557
2781
3196
3400
3548
3810
338
414
905
929
1106
1742
1923
2342
2424
2478
2626
3076
3860
660
792
1115
1309
1680
1977
2431
2509
2531
2740
2741
2981
3443
3620
206
421
693
858
1017
1091
1341
1960
2169
2234
2587
3482
3566
3824
3979
4060
429
435
708
1404
1667
2438
3826
4172
96
103
373
960
1787
2345
2494
3146
3925
1087
1228
1785
2078
2370
2393
2663
3372
3848
4175
4
183
239
342
1042
1827
2327
2330
2515
3482
4140
51
376
399
429
585
849
1155
1672
2967
3053
3300
445
653
872
974
1194
1238
1271
1303
1304
1307
1337
1622
1958
2088
2214
2750
3068
3547
991
1353
1752
1760
1851
1855
2242
2568
2606
2756
3109
3162
3178
3642
3712
3892
3926
510
645
1025
1745
1845
1973
2056
2082
2247
2526
2838
3158
4000
4113
493
1018
1170
1425
1634
1639
1911
1959
2128
2369
2855
2995
3319
3421
3730
233
642
657
853
900
934
1025
1173
2407
2456
2576
2670
2742
2957
3370
3947
4011
4162
570
975
986
1348
1800
1854
2248
2620
2861
3586
3856
3956
3999
4183
4246
686
905
954
2025
2139
2155
2269
2423
2513
2875
3144
3330
970
1423
1624
2076
2119
2305
2453
2924
3107
3507
411
576
1337
1588
1725
1858
1906
2376
2959
3027
3121
3596
3637
3828
4164
96
683
846
956
1674
1890
3409
3555
3596
3842
4145
4158
244
324
819
964
1550
1575
1961
2019
2540
2677
4177
330
543
806
1249
1368
1430
1819
2111
2119
3063
3611
3989
4015
1041
1770
2844
2985
3625
181
207
441
815
866
963
1031
1224
1301
1323
1445
2117
2331
2772
3389
3552
3710
4226
155
1154
1314
1505
1603
1700
1750
1882
2097
2670
2706
3108
3622
3866
3988
63
149
1068
1273
1339
1665
1938
2770
2773
3006
3031
3706
9
450
975
1149
1817
1841
1887
2567
3469
4099
183
348
494
902
1137
1988
2228
3229
3289
3604
3790
3856
3953
4091
32
88
154
265
434
775
1028
1421
1560
1680
2476
3241
3493
3850
3907
4160
265
579
978
1047
1925
3419
4047
22
54
75
825
1558
2719
2928
2980
3139
3426
3871
4129
267
391
664
758
1174
1257
1424
1439
1630
1979
2187
2907
2977
3280
3888
241
308
650
1020
1440
2268
3127
3310
4167
140
1315
1536
1930
2019
2116
3283
3555
3650
116
641
873
1595
1868
1963
2017
2139
2945
2980
3212
3296
3374
3503
3705
3949
4207
533
846
1649
1695
2580
2919
3815
3819
4026
4087
223
608
1029
1456
1744
1949
2270
2530
2880
2978
3065
3085
3531
3967
730
766
783
823
1309
1596
1711
1914
2371
2400
2706
2784
3169
3237
3383
3669
3717
3898
3936
1117
1332
1427
1922
2008
2073
2631
2737
3123
3466
3591
3938
77
99
118
321
645
1285
1814
2460
2666
3069
3194
3200
3288
3709
3941
4207
152
351
569
910
1659
1864
1969
2007
2337
3020
3743
3839
87
243
377
643
877
1137
1400
2033
2046
2047
3095
3104
3147
3248
3688
3804
526
599
692
913
1049
1608
1686
1692
1791
1979
2166
3378
3387
3557
297
518
880
1251
1417
2701
2937
3191
3438
3887
3949
44
150
306
694
724
739
750
990
997
1225
1457
1880
1915
3495
3752
3958
52
427
878
1297
1483
1504
1674
1750
1805
2115
2537
3113
3297
3609
4006
42
966
1444
1479
1701
2170
2828
3692
377
538
606
672
747
1125
1132
1158
1163
2494
3970
4022
502
1301
2490
2517
2796
2828
2989
3051
3837
3868
116
449
997
1146
1311
1403
1425
1583
1729
2082
2291
2945
3530
4128
4194
237
253
564
1370
1544
2266
2710
2784
2880
2927
2973
3006
3891
3956
4248
507
589
755
1129
1334
1699
1987
2161
2366
3047
3382
4026
496
1249
2440
3287
3404
4081
4133
23
130
278
393
413
460
624
811
1131
2562
2727
2729
2879
3362
3661
3818
3917
4211
168
305
1480
1649
1876
2477
2745
2796
3195
3391
4178
75
165
231
322
415
854
1774
1852
2282
2505
3068
3278
3714
1027
1119
1422
1470
2730
2951
3279
3817
4141
4144
4160
475
581
867
959
987
2012
2057
3053
3578
3780
3860
4170
695
786
887
1070
1233
1664
1786
2238
2544
2756
3210
3310
3649
3772
3979
18
422
709
876
1018
1066
1200
2124
3326
517
598
826
1084
1127
1392
1496
1497
1710
1785
1904
1990
2151
2282
2554
2661
3015
3644
3844
801
854
1112
1693
2099
2604
2746
3875
92
906
1065
1374
1447
1747
2006
2054
2446
2599
2912
3342
210
251
372
769
906
1269
1448
1613
1623
2277
2283
3139
3299
3422
3543
3895
4026
4082
24
216
604
965
1246
2066
2182
2252
2940
3358
3878
14
240
313
1434
2935
3269
3593
4161
224
473
941
1671
1824
2100
2120
2377
2591
2596
3218
3282
3855
4149
420
446
1138
1344
1468
1813
2155
2385
2767
2801
3440
3811
3943
422
908
928
1274
1389
1592
1687
2237
2669
3075
3190
383
852
1260
1465
2449
2485
4225
4227
973
1344
1543
1699
1765
2682
2767
3276
3698
296
417
709
1169
1377
1416
1636
1937
2167
2969
3143
3732
86
432
927
1061
1263
1350
1573
2230
2736
2759
2843
2981
3058
3396
268
485
873
1162
1218
1493
1818
2055
2190
2415
2445
2754
2764
3064
3424
3537
3694
4033
249
390
1226
1404
1754
2492
3723
492
947
1709
1960
2185
2206
2729
3710
3736
3857
3884
272
378
838
904
1320
1453
1515
1547
1719
2656
2674
2788
3213
3285
3429
3736
3881
4019
135
776
1122
1757
1923
1961
1982
2195
2547
2692
2956
3641
720
775
980
1038
1306
1500
1580
1626
2804
2824
3149
3251
3895
3915
3954
703
1001
1022
1324
1490
1774
2074
3657
303
749
1039
1075
2669
3172
3831
3854
4020
239
1267
1381
1459
1466
2231
2721
3038
3082
3188
3872
3885
269
1241
1386
1458
1795
1885
1983
2393
2431
2741
3309
3737
277
382
909
955
2436
2818
3048
3537
3798
490
705
1026
1851
1964
2344
2434
2530
3318
3407
3504
3575
3749
4063
43
59
571
823
1404
2771
2967
3034
3050
3181
3852
4123
137
969
1039
1246
1272
1482
1737
1910
2534
3137
3245
3541
848
1376
3707
3761
4118
94
408
682
710
1211
2401
2888
3018
3232
3357
3721
3802
286
1153
1487
1812
2000
2051
2528
2825
3982
4070
4169
494
626
1492
1738
1804
2375
2996
3462
4009
252
349
810
3141
3215
3741
3826
4154
52
570
954
1527
1530
2185
2271
2410
3095
924
1143
1317
1585
2409
2601
35
43
152
227
330
663
800
969
1004
1724
2688
2997
3097
3471
3504
3909
4108
4182
4196
419
1096
1174
1513
1714
1879
2033
2252
2460
2632
2916
3257
3611
3617
3887
4058
4101
4154
79
264
989
1018
1062
1092
2081
2641
2940
4090
4092
4215
4223
178
706
842
1648
1718
2327
3134
3413
3512
3522
440
1251
1598
1606
2327
2604
2968
3194
3399
3646
4012
4066
4088
771
912
978
1702
1735
2188
2350
2731
2735
2824
3024
3409
3689
3963
4188
242
623
874
909
2036
2144
3116
3313
3892
523
827
1111
1352
1411
1459
1766
2257
2501
2734
2846
3531
3654
3761
3782
3858
4084
325
891
1629
1741
2762
2803
2843
3510
3604
3807
600
881
1042
1399
2395
2741
2889
3136
3640
3642
3829
3942
4054
170
566
1354
1489
2007
2429
2653
3122
3171
3385
170
318
412
625
834
1056
1083
1114
1177
2156
2556
3471
3674
3728
4119
1991
2615
2887
3007
3142
3220
3303
3594
4076
328
415
536
669
1066
1199
1232
2010
2267
2397
2913
3129
3459
3673
3706
3765
3784
40
982
1429
1494
1702
2514
2535
2734
2946
3101
3325
3374
3861
3885
128
219
382
818
1007
1228
1328
1502
2168
2322
2551
3177
3295
3534
3961
4083
4245
459
570
1843
1864
2238
2561
3137
3830
7
132
332
1107
1952
2209
2334
2353
2451
2591
2900
3899
4112
304
512
1074
1197
1711
1758
2644
3857
4146
82
552
789
904
1010
1099
1188
1748
1895
2154
2182
2259
2272
2443
2865
4057
309
683
776
799
1037
1091
1106
1117
1128
2401
2646
3466
3489
3530
3883
157
1156
1590
1918
2072
2408
2471
2756
3105
4
203
283
472
525
1213
1722
1802
1861
2373
3202
3626
3789
3945
4004
60
67
962
975
1070
1156
1204
1429
1509
1870
1910
1967
2031
2042
2176
2184
2792
3074
3340
3584
3764
3821
4070
745
981
1491
2309
2364
3112
3155
3175
3788
119
873
1084
1182
1562
1587
1746
2126
3281
3369
3585
3770
4125
4233
160
292
548
777
1351
1353
1354
1620
1771
1886
1989
1991
2595
2865
3037
3556
3606
4038
4232
158
269
317
334
524
565
619
869
1113
1315
1601
1860
1990
2869
2983
3696
3826
4061
667
1563
2158
2747
2937
3154
3377
587
797
1165
1252
1423
1574
1705
1859
3105
3675
365
961
1305
1679
2065
2093
2175
2255
2562
2621
2872
3890
3960
4167
114
310
394
425
785
839
903
1086
1132
1371
1402
1616
1651
1941
2908
2963
3002
274
536
992
1462
1956
1974
2216
2597
3250
3304
4100
428
476
718
1013
1024
1153
1339
1401
1831
1936
2107
2388
3346
3683
45
509
929
1622
2451
2624
2742
2830
3224
3483
3867
4188
139
195
447
1017
1645
2512
2599
2690
2775
2870
3160
3487
3522
3805
182
615
781
946
1336
1380
1565
1692
2058
2335
3163
3275
3489
3730
3744
58
212
783
1962
2474
2541
2622
2832
3054
3817
4113
4237
192
197
591
868
1064
1076
1262
1382
1544
2418
394
404
1515
2138
2297
2402
2549
2782
3073
3216
3284
3492
3625
3930
4027
326
811
1866
1954
3931
210
317
690
1647
1899
1987
2079
2936
3903
73
278
446
508
533
688
821
1519
1906
1954
2275
2509
3158
3345
3368
3465
3502
342
659
682
1024
1411
1843
1881
2003
2010
2872
3378
3919
197
291
1706
1812
2071
2093
2294
2726
2789
2894
3240
3559
3800
4029
323
571
587
765
812
1258
1480
1735
1867
1907
2133
2255
2332
2392
2484
2801
3147
3415
3763
4031
4082
4170
1345
1362
1363
1446
1655
2242
2431
2807
2854
2921
3488
3554
3766
4109
4141
4231
378
440
470
654
858
1265
2067
2212
2399
2755
2766
2837
3126
3666
829
1242
1624
1832
2067
2171
2400
2855
3175
3249
119
855
1233
1447
2039
2939
3019
3209
3638
4057
4214
0
108
109
120
368
548
613
824
1012
1022
1248
2813
2907
3041
3079
3098
3803
4158
4231
85
194
509
580
879
1067
1150
1205
1529
1834
3483
3549
3627
4112
146
874
1620
2102
2235
2656
2906
3017
3150
3165
3169
3394
3632
3995
18
229
883
1333
1521
1535
2379
2877
3237
4096
4197
1932
2155
2274
2827
2858
2893
2931
3162
3207
3344
3593
3845
4012
4040
185
482
1343
1382
1566
1655
2362
1282
1638
2295
2623
2892
2902
2932
3052
3219
3315
3823
579
580
1437
1830
2407
3012
3610
3772
3934
4002
4054
155
831
885
2055
2172
2417
2501
2679
3058
3534
4203
162
467
597
667
1056
1671
1813
2217
2232
2705
2834
2882
3311
3481
3897
4020
97
152
638
1359
1396
1564
1634
2011
2202
2284
3797
3891
339
820
1503
1740
2409
2481
2625
2754
3589
3851
4024
178
1623
1662
1666
1772
2098
2151
2218
2551
2637
2743
3680
4094
4130
4135
101
191
275
871
1053
1418
1511
1573
1605
1615
1709
1948
2840
2888
3626
4045
4080
4155
514
628
2214
2364
3115
4182
170
554
961
1188
1212
2125
2185
2223
2247
2488
2719
3324
3600
3675
4103
104
301
641
1189
1931
2057
2465
3629
3824
3980
4159
307
416
856
883
1041
1862
2705
3379
4115
220
430
478
484
1477
2024
2481
2845
2986
3063
3236
3302
3491
344
358
492
656
1024
1325
1778
2263
2279
2591
3099
3247
3393
3515
3861
4232
413
635
1285
2891
3603
3986
4191
4228
282
310
345
546
1377
2056
2292
2660
4164
485
572
1391
1494
1534
2041
2129
2926
3501
3617
3643
4104
4151
529
856
1968
2216
2272
2297
2834
3125
3178
3722
4003
4136
368
819
846
1159
1164
1423
1557
2143
2572
2758
2823
2828
2912
3057
3112
3567
3660
4007
4110
125
490
649
951
1102
1296
1458
1459
1510
1792
2323
2343
2476
2552
2589
2592
2806
3104
3257
3360
3404
3780
4006
4107
685
1460
1526
1619
1926
2384
2695
3118
3553
3831
3844
748
905
1266
1360
1436
2230
2444
2505
2737
520
1480
1811
2206
2289
2610
3482
3546
3946
4195
4244
547
695
696
1204
1214
2569
2621
2912
2913
3349
3429
4153
248
543
1454
1952
2181
2357
2547
3092
3573
3609
417
1287
1635
2289
3602
3770
50
167
361
1029
1222
2281
2796
3547
3859
3923
12
431
551
719
1436
1975
2015
2800
2871
3333
3801
3979
345
577
1451
1470
1783
1960
2009
2566
2628
2680
3114
3863
4174
440
466
588
1529
1545
2829
3026
3117
3932
658
768
1259
1344
1432
1782
2243
2640
3003
3457
3480
4170
55
206
462
832
1912
2037
2117
2371
3136
3870
4222
72
125
882
1409
1645
2092
2104
2248
2497
2585
2885
3056
3102
3581
943
1035
1616
1645
1792
1966
2132
2278
3012
3153
3357
3800
3913
49
1061
1293
1351
2544
2645
2971
3016
3611
3612
3873
4222
25
373
1488
1604
2506
3007
3009
3055
3418
3539
465
577
799
1233
1454
1462
1612
1813
2655
2718
2802
3552
3778
4086
300
335
1823
1834
1882
2336
2795
3184
3786
307
1774
2134
2158
2162
2713
3428
3775
3928
46
226
431
765
869
1319
1365
1441
2090
2161
2540
3209
3374
3507
3948
4142
4181
168
1241
1468
1832
1848
1851
1919
1945
2025
2474
2849
2950
3126
3902
3965
4003
297
319
324
1321
1402
1460
2175
2186
2222
2917
3448
3608
3914
4114
4134
4182
166
392
398
637
651
1186
1533
2358
2395
2425
2602
3267
3366
3441
3620
1114
1195
1271
1497
1531
1581
1870
2144
2236
2559
2819
3091
3455
3894
3963
281
1601
1776
1789
2539
2576
2695
2772
2890
3294
156
375
477
1130
1569
2244
2951
3042
3242
3760
342
479
1186
1602
1611
1799
2105
2487
2816
2983
3646
3769
3921
4036
252
343
861
948
1257
1650
2293
3263
3350
3650
3813
89
314
433
712
991
1000
1301
1618
1867
2075
3156
3179
3865
756
1023
1103
1347
1453
2148
2439
3193
222
1180
1631
2465
2618
3535
57
91
1019
1975
2015
2641
2930
3060
3195
3314
4015
371
940
1136
1256
1311
1340
2122
2349
2471
2602
2897
3104
3312
3360
3520
4048
4144
23
386
559
770
1412
1532
2086
2684
3366
3672
379
952
1085
1669
1717
1912
2114
2273
3268
3544
5
912
918
1116
1209
1306
2083
2504
2785
576
647
707
1004
1713
1726
2243
2367
2523
2785
3057
3233
27
57
715
1898
2525
2882
2992
3318
3594
3652
3692
38
66
671
730
884
1826
2110
2380
2536
3056
3058
3073
3373
3474
3687
3734
3878
4205
226
257
406
499
560
952
1240
1576
1981
2140
2874
2973
4205
653
867
927
1710
1932
2100
2469
2697
2751
2866
2966
3344
3614
3876
95
987
1082
1145
1158
1467
1889
1914
2338
2466
2645
3275
3390
3536
3546
3631
3840
4167
4188
254
520
521
870
928
1190
1371
1408
1909
3211
3514
4051
110
819
1060
1094
1219
1231
1911
2486
2570
2590
2811
3003
3015
3071
3513
4184
380
1035
1685
1889
2254
2402
2452
2515
2592
3033
3035
3343
3995
386
925
1458
1956
1991
2526
3258
3616
3752
3976
357
716
1467
1703
1762
1869
1913
2772
2847
3331
3335
3607
6
35
1409
1613
2340
2369
2616
3355
3445
3967
234
240
692
1190
1442
1842
2246
2685
2689
2724
3249
3390
4148
232
389
1326
1474
2470
3621
3762
0
193
1196
1318
1408
1744
1995
2653
3744
3788
3879
4131
4238
367
516
781
1116
1121
1561
2497
2508
3013
3937
146
189
309
962
1120
1378
2380
3777
137
894
1118
2059
2827
2857
3070
3412
3973
4065
4114
4192
143
164
245
743
864
1085
1690
1968
2065
2637
3267
3559
1063
1196
1673
1713
1891
1940
2206
2533
3359
3621
216
340
832
850
1379
2099
3140
3441
3639
3879
4210
188
687
1093
1112
1143
1564
2191
2297
2360
2497
2583
2962
3194
3568
3699
4110
88
177
979
1621
2647
3038
3339
3432
3567
3848
219
513
705
756
784
816
1176
1455
1516
2154
2388
2488
2625
2718
3165
3248
3296
3930
4016
48
230
660
898
1166
1421
1848
1936
2083
2847
3751
4156
71
259
482
1002
1586
1593
2457
2774
3077
71
339
412
785
1101
1983
2697
2720
3106
387
764
1137
1897
1916
2197
2662
3317
3689
3754
3808
3999
448
607
749
1186
1802
1943
2009
2168
2385
2714
3050
3054
3385
3386
3595
3605
3971
4110
619
2006
2073
2259
2326
2328
2339
2595
2766
3087
3176
3201
3517
4067
629
746
1658
2084
2194
2240
2572
2830
3054
3365
3498
3948
4036
39
202
624
662
775
967
1582
1678
1693
1707
2004
2571
2609
3957
4064
30
184
541
1161
1171
1190
2803
2821
2848
3362
3410
3662
3778
3810
3910
4024
10
1293
1955
2181
2562
2991
2997
3005
3055
598
888
1277
1310
1946
2200
2359
2480
2739
2957
3118
3121
3235
3354
4022
4097
4121
736
935
939
1840
2356
2710
2744
3126
3329
3701
792
1141
1808
1949
2002
2773
2811
2925
3488
3495
3656
3757
3794
4007
4171
718
1067
1136
1278
1598
1650
2142
2776
2993
3218
3287
3684
445
715
759
924
1514
1614
1775
2410
3004
3041
3161
3492
3781
4168
2
406
618
836
890
1368
2378
2582
2586
2757
2952
3261
3299
3952
73
369
797
822
1403
2071
2853
3818
3875
122
205
946
1167
1256
1597
1660
2643
2798
2843
3953
251
341
1929
2357
3886
4056
55
747
1182
1703
2257
2393
2485
3269
3832
4168
4235
518
879
1595
1651
1814
2852
3029
3236
3364
3615
4005
4062
157
270
1313
2429
3099
3420
4077
4179
807
1424
1844
2321
2615
2985
3427
4142
4190
523
767
781
1102
1664
1718
1811
1824
2051
2498
2751
2808
3067
3282
3720
3996
15
474
1089
2184
2722
2914
3210
3697
3847
347
629
801
1069
1165
1387
1560
1565
2026
2150
2391
2416
2766
2769
3160
3333
3477
3525
3735
3834
4078
4103
640
791
803
852
926
985
1175
1713
2329
2353
2462
2679
3071
3148
456
1738
1944
2285
2306
2381
3029
3100
3580
3806
3943
4204
120
711
1541
1660
1784
2016
2303
2569
3722
4097
4138
898
903
1073
1577
1644
2668
2960
3192
3198
3204
4233
36
218
953
1406
2655
3526
3637
4147
4177
1481
1796
2685
2874
4085
34
430
574
943
1044
2146
2473
2867
3086
3464
3691
3900
187
562
699
755
1478
2183
2414
2895
3103
3435
3810
260
271
470
549
2094
2292
2333
2631
2773
2775
3046
3401
3780
3819
699
868
1161
1231
1256
1430
1530
1727
2080
3078
3151
3529
3627
3776
79
535
696
787
937
1341
1444
2000
2538
2877
3050
3499
3704
4095
869
891
1240
1268
1329
1343
2089
2366
2662
2965
3080
3663
30
155
444
1479
2085
2223
2859
3924
3984
4248
582
1155
1193
2612
2928
4193
565
621
865
931
986
1026
1066
1271
1805
2923
3123
3343
3536
3963
4052
4181
8
150
468
1191
1853
2401
2895
2960
3066
3401
3935
4171
288
668
1154
1628
1646
1706
2507
2928
3096
3552
3618
4132
36
196
1098
1215
1286
1518
2092
2178
2453
2960
3505
3712
3836
3910
3931
295
1314
1714
2174
2452
2839
3066
3274
4153
242
472
893
1496
2048
2338
2370
2598
657
861
1464
1474
2211
2508
2668
2787
2810
2830
3721
4044
4105
337
752
810
1411
1617
2262
2312
2528
2534
3260
3307
3465
3629
3689
3988
3996
30
39
190
269
521
798
972
1090
1417
64
113
245
1506
1519
1900
2078
2583
3013
3154
3406
3969
67
266
478
600
860
1472
1794
2100
2318
2829
2878
2953
3122
3223
3415
3477
3493
177
340
722
767
1395
2426
2447
2496
2677
2870
3575
3589
3976
4129
147
233
1554
1826
2054
2845
2975
2994
58
1084
1195
1334
1694
1756
2003
2378
2476
2723
3204
3499
3924
61
464
487
699
857
899
951
1361
1419
2066
2290
2679
2894
3021
3071
4050
1184
1745
1972
2306
2331
2893
3295
3598
3634
3639
3758
4028
198
796
938
947
1522
2518
2521
3065
3215
3635
3794
3854
4018
4218
243
881
2069
2202
2234
2437
2715
3092
3124
3321
3417
3572
3690
93
246
466
495
654
795
1325
1819
2024
2421
2556
2582
3807
4016
4224
142
643
745
967
1357
1360
1597
2153
2407
3085
3557
4221
4235
112
242
262
475
530
1057
1687
1693
1756
2015
2752
3074
4011
4089
4213
53
279
489
581
881
982
1264
1317
1412
1829
1945
3662
131
199
238
401
827
2984
3668
93
144
359
984
1164
1566
1840
2323
2790
3196
4083
690
1781
2315
3090
3163
3902
3998
578
633
808
1484
1728
1817
1896
2113
2165
3129
3366
3645
3805
4079
1365
1385
1475
1717
2164
2170
3367
3444
3479
3571
3959
161
331
352
489
492
631
813
1288
1505
1873
2088
2443
2520
3485
3504
3981
4097
267
276
424
447
830
1068
1838
1872
2391
2586
2869
3075
3100
3465
3632
3709
4000
288
632
1096
1316
1389
1478
1866
1894
2524
2548
3498
3524
4206
1128
1159
1602
1893
2122
2381
2688
2815
3405
3745
3915
4052
60
234
956
1285
1437
1557
1657
2514
2575
2880
3205
3486
3928
646
1029
1243
1913
2253
2432
2659
3000
3225
3514
3701
3893
235
616
1268
1589
2062
2250
2971
3645
3697
4111
72
99
214
300
329
452
490
1002
1590
2355
2568
2936
2949
3309
3640
3869
310
1809
1933
2028
2239
2514
2940
3257
3535
3842
3961
4061
861
1449
2349
4237
768
2367
2520
2678
2740
2807
3008
3342
3901
3946
172
418
538
679
934
1356
1753
1833
1855
2642
3381
3414
3704
198
332
340
914
949
1081
1394
1942
1964
2063
2513
3893
4010
81
407
566
897
1296
1631
2018
2163
2217
2654
3224
3677
4240
612
1172
1331
1847
1869
2221
2455
2648
3166
3168
3508
4145
123
407
717
865
1330
1784
1908
1934
2120
2412
3059
3732
4066
285
315
1006
1124
1388
1431
1742
2334
2982
3272
3920
3936
3997
4146
4201
4249
1227
1763
1873
2165
2226
2261
2287
3279
3582
3634
3785
3835
1292
1393
1539
2127
2255
2347
3229
3575
3677
3714
3764
597
899
1168
1817
2194
2481
3292
3684
4010
4034
384
760
1192
2024
2039
2112
2331
2564
2922
3051
3138
3393
3532
341
834
1136
1801
1857
2082
2365
2533
2589
2970
3293
3561
522
601
760
1057
1352
1633
1736
1999
2687
2849
2947
2958
3669
3785
34
327
557
720
843
1054
1532
1684
1798
3020
3384
3687
3728
4010
4094
4126
6
516
1089
1272
2053
2617
2628
2658
2900
3190
3208
3232
3556
3688
3756
4120
454
539
1183
1212
1764
1809
2363
2786
2885
3148
3523
3573
3654
4039
4057
773
1021
1270
1804
1858
3039
3207
3782
3954
659
1475
1778
2050
2148
2595
2668
3043
3085
3384
3391
3616
3833
3937
4163
74
774
1012
1765
2145
2351
2414
2718
3200
3620
3872
3891
95
324
663
807
1032
1690
1901
1930
2715
3255
3962
4207
512
1513
1555
1598
1866
2325
3239
3258
3787
3959
307
464
739
994
1056
1213
1689
2942
3863
3966
405
1469
1473
1943
2067
2093
2464
2723
3473
3591
3592
3772
3908
99
786
1069
1153
1289
2505
2806
3047
3484
230
760
782
1198
2159
2435
2567
3478
3564
3859
4050
4072
4174
103
198
245
1281
1419
2126
3164
4204
8
122
273
286
299
364
1250
1345
1625
1974
2366
2610
3088
3238
3298
3347
3423
3648
3673
3703
113
561
577
723
2220
2994
4155
462
1150
1196
1571
1695
2341
2344
2479
2609
2956
3681
3762
480
503
556
650
943
1383
2136
2399
2826
2877
3308
3630
3753
3822
4105
4201
545
778
829
1009
1255
2143
2488
2738
2848
2916
3059
3112
3475
3523
4107
1364
1721
2299
3158
3330
3403
4086
3
815
1872
1917
2609
2753
3040
3853
3989
94
738
1214
1379
1477
1704
2259
2588
2778
3593
3783
4017
348
385
686
772
1179
1384
1433
3322
3726
3756
4072
4237
19
181
639
1311
2064
2112
2423
3442
3720
48
354
565
917
1878
2006
2236
2302
3468
3566
3588
3844
4013
4139
4242
366
812
994
1507
1568
1683
2046
2321
2570
2728
3613
73
398
521
845
1063
1414
1626
2046
2191
2611
2683
2742
2844
2891
3179
3904
4032
45
935
1266
1948
1982
2037
2052
2203
2224
2339
3458
3526
3682
3831
4038
4149
464
1350
1712
1765
1985
2153
2673
2765
3034
3202
3233
3624
4143
563
929
1104
2001
2021
2179
2237
2978
3805
316
645
749
1004
1036
1405
1503
1743
1925
2573
2932
3017
3064
3450
3617
3649
3694
3852
4155
325
628
656
1245
2717
3156
3864
4048
351
473
912
916
948
2979
3259
3439
3563
3564
3794
3882
380
972
1062
1206
1670
1761
3127
3422
3724
3729
3980
4033
100
174
228
560
2110
2466
3052
3703
3759
4028
425
1835
2592
3113
3594
3719
3889
3972
96
254
488
1290
1490
1963
2017
2137
2695
2831
3116
3461
3652
65
220
251
996
1522
1640
2178
2802
3109
3452
4015
4243
221
392
692
1261
2106
2244
2511
2554
2790
3825
4140
124
894
1900
2192
2219
3032
3813
3907
98
375
761
793
1079
1126
1798
2319
2346
2500
2530
2792
2883
3037
3168
3874
4127
274
497
632
1634
2346
2362
2699
3028
3234
3583
3878
4069
498
1498
1761
1803
1910
2390
3428
3643
3717
3719
3950
3996
4092
161
224
294
488
532
607
689
713
758
804
1376
1434
2021
2186
2686
2723
3109
3288
4021
985
1089
1201
1405
2416
2930
3155
3999
4062
4218
78
901
1073
2729
2763
3440
4058
4198
17
387
571
900
1077
1476
2325
2341
2601
3148
3397
3614
3712
3765
3929
531
665
1034
1098
1435
1559
2068
2136
2560
2840
3093
3181
4215
941
1593
2092
2368
2819
61
149
190
514
675
1155
1202
2175
2309
2344
2862
3011
3068
3754
90
753
782
1124
1244
1350
1485
1648
2002
2060
2328
2664
3032
3173
3231
3248
3322
3527
4225
3
235
423
459
585
991
1586
1643
1669
2200
2608
2779
2982
3001
3862
4076
314
348
1548
2403
2473
2661
2681
2698
2919
22
127
936
1363
1388
2152
2890
3748
4067
836
959
1252
1270
1720
1816
1842
1928
2312
2701
2793
3832
3862
4073
4120
1538
1891
2220
2234
2630
2652
3520
3551
3603
3659
3670
515
779
1727
2368
2814
3179
3424
3460
3877
44
410
524
989
1890
1938
2215
2392
2433
3909
3948
4074
4084
10
160
419
505
864
971
1007
1106
1574
1931
2266
2295
2804
2838
3336
3472
4025
193
704
713
1015
1149
1379
1506
1662
1678
1962
1970
2029
2090
2408
2627
2769
2881
3106
3197
3536
3739
4247
1036
1771
2167
2413
2450
2454
2976
3019
3866
4042
4247
551
664
1412
2169
2306
3072
691
1624
1921
2749
3277
3430
3649
3713
3937
45
258
627
762
784
851
1372
1531
1567
1629
1915
2314
2318
2390
14
218
360
593
790
915
1080
1181
1628
2364
2771
3377
3507
3955
4208
95
215
483
844
2180
2260
2551
3061
3270
3450
3862
4100
109
794
809
1518
1526
1822
2296
2579
2605
2837
3183
3551
3735
3858
4001
414
553
985
1313
1789
2483
3086
3485
3527
3719
3773
4115
257
383
395
621
845
919
925
1074
1632
2107
2196
2597
3353
3509
3586
4114
713
728
804
941
1069
1215
1537
1579
1658
2342
2432
2674
3369
3436
3987
4028
349
1033
1142
1244
1592
1654
1772
1780
2013
2204
2490
2641
2866
3411
4138
4221
131
469
474
513
567
632
1187
1395
1686
1763
1894
2058
2089
3299
3553
416
457
694
754
817
1367
1545
1599
2394
2992
3014
3016
3025
3073
3323
3726
3992
48
544
601
1599
1617
2411
2768
3561
3651
4127
12
666
981
1403
1905
3084
4029
4158
256
268
505
1094
1217
1549
2111
2264
2491
3119
3234
3792
4032
341
1021
2415
2993
3285
423
528
951
1011
1037
1322
1545
2629
4102
17
143
148
202
266
491
772
882
1119
1691
2303
2459
2897
3242
3468
3824
4069
210
353
803
1105
1113
1275
1326
1976
2138
3671
64
80
287
833
1050
2708
2860
3551
3733
4221
719
802
2099
2704
3082
3477
3970
4220
377
714
955
1850
1933
2326
2414
3277
3293
3369
4104
2
936
1156
1239
1299
1398
1528
2026
2183
2549
2648
2650
2761
2873
3572
3953
279
384
483
685
1484
1779
2241
2988
3525
3529
3574
3590
121
308
387
1299
1586
1677
1700
1831
2578
2617
2954
3331
3648
4236
103
583
665
698
920
1779
2354
3231
3792
3882
4165
4185
29
209
439
695
971
1021
1319
2810
2947
3351
3361
3474
3941
4069
4151
4209
17
249
295
732
736
740
1006
1468
1757
1959
2338
3045
3308
3406
3768
3906
4037
148
491
1015
1747
1905
2765
2860
3306
3324
3525
3587
31
396
421
602
849
966
1534
2677
2743
2770
2788
3884
3973
149
649
673
1200
1220
1436
2709
2805
3111
3433
3495
89
631
797
1253
2394
2858
3268
3290
3395
3714
3901
179
318
714
888
1179
1280
2176
2449
2728
2850
3351
3845
3
367
852
952
1159
1316
1917
2410
2693
3049
3359
3545
3569
3657
4205
335
911
1843
2427
2748
2824
2864
3119
3191
3383
3595
4101
305
814
979
1825
2948
2952
3367
3426
3577
3760
3943
4125
4154
462
469
813
1229
1329
1330
1547
1807
2213
2383
2534
2948
3084
3135
3320
3985
527
703
1122
1457
1505
1511
1589
1593
2130
2188
2375
2632
2637
2921
3114
3128
3141
3583
3840
4098
262
313
1121
1432
1486
1600
2077
3002
3092
3843
4198
365
592
892
989
1123
1227
2484
2665
4075
4194
4220
185
361
779
1407
2130
2286
2523
3446
4108
151
954
996
1080
1284
1746
2257
2374
2651
3251
3297
3870
3933
4059
4096
38
357
694
859
1169
1439
1532
1548
1779
1862
1977
2507
2629
2768
3067
3101
3740
3762
3930
4219
449
1027
1232
2606
2711
3118
3534
3598
3713
322
1492
1666
1702
2482
2687
2811
3453
3894
4049
4082
352
531
707
764
1270
1287
1320
1783
2502
2831
3540
3647
3657
3751
3922
3929
391
2023
2056
2400
3673
4036
373
618
1294
2245
2770
2847
3381
3681
140
592
659
1349
1719
1828
2014
2447
2612
2915
2925
3281
3492
3508
4001
4179
4239
233
263
504
2072
2565
2596
2916
3152
3347
3739
3767
4118
87
1348
1509
2118
2213
2467
2575
3079
3213
3254
3277
3316
603
651
709
1957
2013
2097
2157
2276
2617
2903
2908
2965
3598
3686
3701
3944
4216
4235
19
644
838
1175
1724
1764
1823
1876
2596
3710
4240
173
611
724
949
1126
1648
1740
1752
1791
1934
1950
2546
3636
3778
4178
4245
333
594
723
1763
2307
2312
4226
54
247
453
560
993
1291
1812
2001
2110
2314
2748
2948
2959
4227
497
539
1184
1318
1392
1471
1629
1976
2389
2455
3213
3319
3570
3742
4064
334
558
640
655
1052
1119
1810
2323
2716
2738
3801
3864
4084
291
483
510
1989
2265
2382
2597
3328
3820
3916
4046
438
1000
1071
1109
1275
1366
1408
2011
3223
3548
3866
4105
4126
2174
2909
3587
3947
4023
130
572
630
990
1335
1410
1427
1449
2444
2853
2989
4109
53
284
393
495
625
805
1060
1584
1718
2131
913
1381
1475
1489
1930
2310
3069
3585
3838
4202
1603
1902
1954
2078
2288
2555
3218
3241
3682
3746
3869
3903
4248
281
972
1121
1150
2229
2424
2883
2991
3021
4148
223
270
370
520
522
673
979
1134
1759
2305
2492
2923
3549
4060
44
129
794
853
1157
1169
1223
1714
2644
3443
3727
3766
3906
4184
101
270
1455
1696
2063
3037
3474
3741
4043
938
1284
1476
1584
1749
1841
2139
2957
3150
3272
3641
28
681
1603
1650
1861
2042
2088
2270
2944
3217
3717
3925
4046
4186
4187
1189
1571
1611
1971
2708
2898
3392
3447
3753
3974
4023
68
153
280
578
710
770
944
2045
2529
2953
3011
3093
3186
4200
111
394
575
590
633
661
725
1266
1443
2182
2207
3189
3378
3389
3484
213
676
877
944
1354
1419
2028
2036
2546
3431
3514
3707
3969
4143
254
347
702
761
899
913
933
1014
1077
1438
1548
1755
1927
1959
2069
2138
2428
3329
3497
3570
21
1245
1903
2228
2330
2419
2711
3174
3630
3784
4005
4034
4058
507
814
1638
1681
2422
3172
3478
3695
128
355
392
1213
1723
2012
2091
2313
2322
2504
2931
3231
3418
3487
3698
4014
4086
228
253
955
1048
1172
2330
3145
3156
3360
3454
4041
4218
509
674
721
1409
1570
1846
2020
2054
3031
3044
3227
746
772
874
1032
1097
2041
2433
70
196
1072
1358
1609
1662
2782
2795
2846
2954
3252
3327
3454
3635
3702
145
766
1011
1665
1803
2143
2958
3271
3491
3731
4148
59
353
358
614
958
1227
1888
2199
2413
2574
2593
2707
2812
2899
3166
3392
3579
3922
3985
4008
4027
115
1178
1308
1374
2172
2283
2511
2664
2704
2840
3089
3515
3698
4133
550
1053
1081
1130
1489
1515
1994
2509
3338
3400
3815
271
1148
1248
1296
3475
3500
3661
3693
3919
4157
243
538
1523
1530
2247
2522
2607
2935
2964
3295
3592
3692
3804
3973
19
1164
1208
1575
1584
1754
2292
2394
2502
3222
3319
3708
3871
71
86
217
984
1295
1323
1609
2053
2324
2532
3043
3184
3278
3349
3447
3606
4193
263
351
575
677
872
1392
1869
2014
2999
3358
4035
4228
236
500
956
1414
2529
2832
3261
3268
3694
4071
49
369
546
882
1014
1734
1978
2365
3138
3887
4068
555
1023
1340
1490
1561
2556
2864
4118
46
2974
3795
3945
26
338
1487
1500
2073
2732
3171
3783
3817
3832
4006
4147
181
371
441
884
1135
1837
1909
2030
2208
2440
2548
3103
3115
3244
3571
4093
4162
814
847
935
1220
1239
1733
2030
2732
3230
3700
3711
488
588
615
1215
1517
1621
1663
3132
3505
3842
1138
1174
1498
2336
3628
3950
212
506
778
1359
1396
1523
1732
1743
2211
2616
3012
3872
626
886
1353
1453
2058
2372
2598
2633
2963
3191
3221
3425
3565
102
114
554
617
1112
1238
1280
1300
1815
2014
2079
2249
3458
3664
3934
4102
612
901
1543
1563
1726
2818
3665
3671
3769
3795
3867
4093
4112
235
451
498
623
917
923
932
1058
1935
2864
3517
51
126
179
370
1072
1194
1384
1531
1998
2225
2324
2532
2657
2817
3579
215
285
397
732
1978
2235
2313
3438
3916
4022
4106
119
851
2238
2669
2791
3107
3376
3453
3538
3735
3886
4192
208
261
511
711
1109
1248
1278
1552
1673
2499
2867
3076
3150
3197
3647
589
893
1815
3880
550
608
757
780
840
849
1902
2748
3182
3423
4199
4230
164
1095
1456
2035
2881
3174
3301
3521
3787
3927
4123
788
858
1125
1140
1529
1970
2383
2610
2841
3847
3868
3960
101
175
211
258
366
442
629
1597
1764
3727
4145
107
1420
1730
1967
2310
2692
4230
192
1682
1767
2132
2378
3030
3180
4080
662
1197
1198
2603
3002
3120
3131
3165
3296
3346
3452
3899
42
448
684
722
998
2123
2603
2736
3791
3933
4080
67
1198
1540
1784
2809
3554
3625
3829
3843
4128
647
718
746
1330
1514
1574
1875
1962
2052
2196
2335
2580
2752
2856
3510
3586
3900
4012
594
805
1115
1552
1948
2232
2382
2576
2636
3103
3211
3262
4176
138
354
644
766
826
1528
2721
2807
3294
3485
3775
4179
613
671
729
1063
1107
1341
1346
1906
1990
2689
2757
2973
3511
3774
3777
90
100
294
362
637
1372
1501
1734
2207
2357
2566
3681
12
621
916
1166
1675
2115
3278
3696
3727
3791
3898
3978
313
356
1128
1294
1642
1739
2075
2739
3957
285
363
1237
2749
3400
3622
3994
401
452
1148
1653
1705
1744
1846
2036
2372
2489
2619
2799
3033
3320
3337
3347
3715
4030
4183
4189
816
950
1076
1610
1642
1769
1885
2471
2969
3709
248
265
331
823
944
1707
1852
1871
2012
2291
2422
2519
2531
2936
3210
3365
145
1012
1206
1549
1872
2267
2328
2788
3060
3185
3221
3449
380
1049
1139
1300
2029
2731
2955
3117
3353
3624
4233
201
998
1036
1576
1591
1604
1704
1941
1997
2164
2299
2730
2744
2970
3044
3066
3070
3327
3574
3808
4009
4014
725
751
1130
1639
1903
1993
2091
2132
2156
2212
3049
3785
4070
4152
237
550
1144
1420
1709
1750
1789
2663
2671
2746
2872
3216
3589
3679
182
364
1654
1666
1850
2162
2287
2517
2812
3610
358
1062
1081
1185
1542
1550
2303
2649
3494
3635
4180
4198
841
1078
1895
2134
2367
2890
2969
3251
3798
4060
601
697
835
1041
1044
1235
1481
1938
2541
2841
3291
3338
3487
3653
3914
186
273
455
1292
1847
2985
3120
3132
3146
3186
3444
3609
3809
4051
145
290
828
1144
1208
1219
1415
1442
1878
2224
2322
2361
2408
2777
3628
3987
4137
680
974
1606
1894
2133
2301
2886
3226
3676
3813
4065
332
349
711
742
833
1443
2439
3204
80
82
84
173
250
411
776
1216
1283
1304
1308
1500
1700
1706
1928
2252
2805
3185
3259
3362
3506
3550
355
1001
1133
1834
1951
2552
2671
2777
3080
3619
4199
544
545
828
1007
1217
2660
2690
3330
3571
4049
11
665
1040
1446
2244
2280
2325
2406
3040
3927
4144
205
529
689
1095
1110
1397
1410
1517
2594
2715
3070
3467
158
754
1305
2282
2682
2691
2894
2917
3039
3170
3458
3607
3655
3680
29
180
444
1759
2506
2713
2812
2941
3273
3372
3447
3503
3904
229
288
289
320
864
1181
2221
2607
3385
3490
3849
3904
4089
4168
180
296
471
1226
1618
1725
2258
3670
3836
4117
142
193
317
418
523
587
1486
1698
2304
2320
2474
2616
2638
2768
3402
4152
4180
110
328
376
662
854
1097
1280
1854
1981
2553
2959
3177
3747
84
316
1433
2391
2426
2469
2839
3560
3628
3763
4166
4196
199
474
710
1020
1255
1376
2005
2288
2760
3083
3190
3643
3679
3716
3960
4132
137
407
1281
1798
2577
2779
2850
3167
3584
4249
241
640
804
963
1374
1524
1855
2203
2361
2540
3291
3332
3416
3437
3696
3917
450
857
1448
1487
1493
1569
2179
2437
2550
2628
3082
3313
3915
3947
4030
102
186
359
458
788
1335
1646
2049
2261
2280
2492
2671
2934
3771
3806
3837
91
225
564
917
963
1001
1229
1273
1497
1833
1899
2004
2420
2646
2857
3253
3462
3924
4039
4049
4139
31
134
863
870
1088
1264
1892
2094
2445
2579
2630
2658
3003
3010
3014
3238
3846
4102
133
169
584
808
1546
1578
2140
2710
2736
2911
76
499
1246
1289
2149
2227
2600
2632
2905
2990
3651
4222
558
1076
1201
1637
2359
2765
3321
3821
230
684
851
1225
1506
1637
2160
2446
2951
3253
3313
3809
501
706
739
997
1046
1188
1640
1723
2269
2526
3143
3334
3646
180
687
787
1005
1499
1815
1936
2147
2542
2825
3009
3324
3771
232
284
425
1083
1111
1986
3135
3332
3490
3563
4004
4185
717
1739
1941
2485
2543
2927
2977
3087
3182
3524
138
581
922
1152
1229
2214
3133
4219
194
302
479
541
639
1368
1383
2070
2538
2586
2982
2991
3510
604
949
2114
2646
3219
3368
3814
3827
4166
162
385
391
556
920
950
1461
2022
2301
3140
4239
87
1096
1856
2095
2112
2315
2433
3292
3470
3606
3705
410
460
504
537
750
2043
2253
2726
3149
3358
4175
304
320
335
383
447
605
693
1324
2033
2094
2377
2675
2829
2913
3222
3230
3597
3700
64
619
877
1513
1668
1892
2262
2272
2493
2750
2759
2984
3376
3441
3585
4147
88
403
721
890
1694
1845
2198
2904
3463
3472
3533
620
801
980
1087
1452
2587
2779
2988
3591
3715
3976
4178
4238
143
295
553
561
740
1224
1346
1915
2064
2445
2508
2580
3212
3394
13
330
567
655
1333
2123
2517
2691
2886
2977
3538
3965
1541
1580
2107
2339
2961
3373
3749
4190
4238
1005
1094
1393
1485
1553
1657
1783
1820
1858
2010
2809
2966
3089
3271
3302
3412
3588
3605
3621
3955
4113
4134
8
79
1608
1656
2027
2356
2383
2460
2653
2730
2825
3088
227
633
1005
2047
2780
3097
3337
3502
4075
4079
65
484
519
549
585
620
716
968
977
1059
1630
1775
1794
1935
2045
3661
47
140
360
486
634
915
977
1207
1856
1957
2020
2277
2404
3023
3177
3436
3496
62
308
309
390
416
1067
1420
1644
2478
2499
2757
2787
3370
3883
4121
35
437
458
603
1898
1949
2148
2898
2943
3025
3567
4124
973
1107
1235
1715
1940
2219
2318
2432
2831
3075
3348
3508
3633
400
1797
2193
2340
2349
2374
2417
2428
2513
2663
2685
3286
3287
3348
3966
4018
4210
146
627
725
837
922
1105
1177
1429
1829
2157
2361
2439
3133
3638
3773
3803
3850
117
352
486
688
1160
1210
1778
2629
2849
4172
4239
24
315
583
636
1338
1364
1454
1696
1790
1887
1947
2660
3533
3942
4068
493
507
1046
1760
1937
2145
2774
2996
3209
3223
3511
4090
524
780
1022
1303
1537
1563
1883
1976
2855
2921
3676
3812
1448
1689
1708
1736
2201
2516
3105
3549
3568
3926
3971
60
1441
1781
1782
1922
2619
2835
3740
3902
395
433
828
960
1147
1209
1556
1918
2280
2342
3678
3848
4091
80
779
1327
1329
1622
1734
2746
4098
667
1279
1462
1893
2154
2417
2544
2790
2968
3079
3340
3512
3528
3655
3685
4072
114
184
264
283
438
1768
2081
3446
3535
3972
733
1074
1362
1685
1736
1749
1762
2008
2168
2222
2461
2929
3032
3076
3237
3443
3513
3896
4007
257
494
1218
1793
1810
1826
1871
2239
2593
3444
697
742
993
1287
2086
3452
3581
3888
4197
11
151
655
1058
1546
1722
1803
1924
1992
2127
2345
2425
3035
3631
303
505
658
1677
1776
1790
1824
2060
2310
2863
3307
3455
4017
599
680
791
2108
2290
2482
2922
3173
3356
3984
4101
4111
26
404
606
926
1594
1934
3020
3322
3328
3363
3747
4042
4073
311
506
703
839
910
1059
1116
1352
1712
1822
2352
2489
2667
3284
3433
3469
3858
3908
4189
167
748
1079
1518
2937
2976
3123
3283
3393
3828
3841
4126
232
451
466
473
606
2034
2062
2918
3128
3155
311
540
547
677
826
859
1123
1676
2332
2876
386
559
666
1177
1340
2116
2348
2448
2783
3301
3501
3668
3812
3825
135
372
1140
1258
1319
1418
1780
1810
1893
2156
2427
2499
2716
2822
3196
3197
3528
3623
3738
20
306
312
530
824
1079
1570
1657
2064
2448
2557
2817
2820
2972
202
331
1093
1612
2122
2461
2619
2664
2995
3755
4150
25
57
1293
1317
1358
2220
676
1407
1841
2707
3372
3652
3748
4212
277
534
573
986
1038
1382
1986
2876
3345
3545
3920
32
255
364
563
1237
1450
1508
2087
2319
2764
2979
3149
3691
3820
3823
3849
3938
4107
177
604
896
970
1046
1857
2030
2925
241
798
815
1183
1431
1873
2187
2585
2626
2651
2874
2933
3206
3273
3399
3416
4077
4136
562
596
816
933
1142
1663
1671
1777
2535
2577
2659
2839
2987
3290
3311
3582
4186
1607
1863
1897
2133
2537
3094
3185
3216
3252
3311
3489
3765
3815
3876
9
445
620
1167
1992
2623
2683
2708
3227
3576
3788
3912
111
345
635
672
850
1090
1135
1300
1946
2975
3219
3431
3795
3894
388
865
1176
1273
1308
1601
1884
1980
2923
4053
4055
719
727
825
968
1118
1148
1251
1561
1748
1753
1863
1939
1965
2374
2896
3207
3746
281
289
1583
1625
1865
1902
2102
2286
2480
2946
3110
3486
4016
86
219
293
453
617
1045
1101
1298
1577
2197
2566
2712
3631
537
678
1171
1715
2627
2781
3106
3160
3470
3564
3718
3724
4213
1525
1579
1751
1780
1868
1927
1969
2307
2475
2802
2964
3094
3144
3396
3540
3608
3951
282
296
496
591
700
1162
1244
1321
1684
2116
2224
2373
3110
3425
3756
4137
4202
592
822
930
1386
1668
1748
2232
2275
2528
2665
3827
4011
13
327
2103
2235
2590
3386
3827
3830
495
595
688
740
773
2004
2229
3028
3397
3471
3847
4081
36
97
105
126
207
350
796
842
1326
1369
1375
1416
1426
1538
1696
1904
2103
2376
2590
2678
2771
3954
347
750
1040
1394
1694
2045
2300
2585
2753
2819
3227
3653
4099
39
82
1009
1143
1269
1324
1336
1997
2901
3479
3541
3670
4124
4243
272
453
518
541
889
1098
1202
1325
1461
1508
1929
2118
3239
3290
3446
649
732
1161
1675
1795
2221
2347
2518
2659
3062
549
622
654
770
837
2079
2502
2512
2578
2636
2826
2910
3254
3731
3812
200
297
381
980
1134
1220
1523
1588
1646
1945
2065
2419
2645
2823
3170
148
272
422
1236
1401
2274
2751
3344
3403
3581
3885
15
206
304
531
542
680
1406
1417
1806
1839
2381
2496
3167
3570
3725
3910
167
284
540
1905
2443
2990
3230
3749
3779
3972
4131
78
465
922
1048
1203
1937
2109
2241
2942
3060
3448
20
599
673
1390
1819
1862
2462
2510
3461
3874
3903
4216
727
744
747
789
987
1015
2860
3282
3302
3553
3677
3952
90
200
853
1008
1943
2128
2197
2258
2271
2600
2650
3361
3761
4032
4124
197
526
696
1051
1507
1640
2135
2320
2390
2903
3432
3435
3445
3562
3720
3748
3918
878
880
1291
1816
2914
2988
3352
3478
3757
3763
3992
361
497
547
867
1554
1766
2305
2395
2418
2450
2909
3129
3289
3442
29
759
1039
1068
1306
1566
1737
2428
2536
2842
2882
3188
3285
3790
172
982
1109
1676
1831
1985
1995
2174
2334
2470
2672
3839
3893
4234
397
471
1100
1236
1357
1397
1451
1642
1733
1965
3055
3650
3791
276
343
436
1166
1431
1656
2821
3528
3546
1375
2422
2516
2561
3321
41
467
1219
1600
1768
1793
2444
2683
2691
2694
3265
3316
3467
3721
3793
4246
69
195
513
722
753
1263
1806
2034
2309
2418
2458
2852
3189
169
820
961
1016
1026
1508
1520
1853
2561
2614
2717
3114
3629
3715
3769
318
545
593
735
974
1822
1896
1957
2536
2762
3107
3750
121
250
402
763
1252
1290
1332
2815
4033
4208
536
918
1129
1217
1228
1247
1281
2250
2704
2724
3131
3565
3667
3833
94
216
586
664
1947
2941
3245
3326
3939
657
670
738
1038
1135
1373
2108
2193
2463
3021
3040
3178
3298
3341
3521
3804
4059
4164
302
1501
1914
2002
2546
2549
2605
2684
2737
2760
3576
3686
3914
3938
4020
4128
4224
56
209
1327
1565
1588
1604
1912
2350
2355
2470
3154
3273
3623
4241
129
151
630
892
2317
2552
2953
3375
3499
3542
4151
238
634
652
1558
1605
1647
2049
2171
2195
2911
3336
3375
3442
3532
3860
4174
212
287
728
844
911
1467
2215
2405
2435
2483
3326
3674
3949
3970
4038
84
199
1122
1241
1243
1274
2636
2640
2720
2885
3337
3519
92
187
362
409
435
562
1836
2059
2800
3479
3516
3667
3757
4183
289
463
700
939
1609
1695
2166
2512
2814
2967
2998
3029
3315
3793
3841
3865
4041
18
432
871
942
1370
1800
1927
2021
2803
2914
3132
3320
3412
3414
3619
3658
4121
1
16
142
185
305
771
803
1527
1963
1975
2356
2434
2581
2693
2801
3225
4089
4132
4249
106
246
939
976
1755
1929
2123
2201
2740
3342
4005
712
1821
2256
2298
2732
2863
2892
3246
3398
132
731
1463
1659
1741
2120
2360
2833
2942
3086
3130
920
998
1299
1537
1607
2043
2316
2608
3047
3359
3599
3658
3846
3854
3964
3966
234
875
1483
1493
1528
1692
2145
2188
2589
2867
2868
2883
2884
2933
3069
3102
3364
3394
3619
3890
316
328
792
2273
2697
3388
3744
3816
1146
1147
1756
1928
1993
1996
2040
3110
3476
4088
81
83
761
1006
1781
1955
2096
3140
3192
3206
3430
3577
902
1483
2343
2487
2652
2701
2744
2842
2926
3711
4046
27
28
283
476
885
1009
1432
1452
1731
1924
2231
3192
3410
3544
3562
3599
3602
208
275
1857
1881
1886
2044
2074
2981
3030
3096
3814
4163
40
107
712
1034
1733
1749
2043
2763
3309
3380
3580
3686
3754
3874
127
1370
1627
2055
2130
2218
2456
3542
4214
357
418
436
843
1071
1078
1484
1807
2647
2755
3042
3146
3159
3211
3297
3604
4025
371
636
691
1033
1297
1328
1686
2087
2269
2353
2468
2478
2523
2893
3199
3426
3699
3822
4119
159
1093
1297
1334
1551
1631
1875
1907
1996
2177
2386
2425
3448
3767
1787
2049
2734
3463
3613
3671
3713
3889
4035
4236
159
1158
1788
2227
2696
2769
3098
3327
4021
268
1264
1402
1659
3028
3131
3266
3683
3758
4044
658
1224
1754
2241
2457
2642
3083
3241
3367
3428
3950
4090
4123
205
681
755
800
990
1208
1292
1550
1853
1982
2594
2686
2845
3438
3501
221
475
643
681
1479
1842
2113
2119
2341
2733
2823
2906
3084
3971
3975
134
435
503
533
572
1090
1942
2050
2777
2851
2994
3176
3198
3242
3398
3718
3835
3884
194
639
1302
1338
1473
1921
2217
2642
2963
3080
3328
3547
3645
3669
4039
46
921
937
1045
1524
1551
1770
2210
2465
2799
2850
3167
3739
4045
628
631
685
771
903
1250
1322
1405
1465
1471
1560
1673
2300
2311
2652
2971
3341
3355
3380
3733
3927
4106
791
953
1253
1406
1854
2189
2856
3789
16
122
363
1773
2196
2689
2997
3134
3524
175
374
2302
2389
3135
3206
3265
3734
3855
4212
808
872
1495
1536
1729
2816
2929
3602
3648
3923
4063
4074
733
1020
1660
1816
1849
2071
2574
2998
3091
3348
3656
3775
9
1232
1463
2052
2225
2475
2717
3420
3449
3789
4117
41
290
563
666
885
945
1303
1496
1520
1977
3033
3145
3212
3316
3457
3672
3703
3968
259
610
783
1210
1984
2245
2388
2753
2954
3077
3128
47
500
832
907
1105
1133
1146
1247
1621
1767
1793
1797
2149
2208
2389
2426
2491
3245
3247
3468
4173
653
909
968
1060
1245
1850
2173
2337
2406
2463
2979
3430
3901
368
638
805
1387
1825
1832
1840
1947
2248
2403
2518
2559
2857
3124
3187
4055
4061
4171
56
76
213
303
825
1030
1328
1637
2072
2778
2938
3250
3361
3494
3561
3596
4173
1087
1380
1605
2041
2722
3408
3951
4203
1108
1540
1652
1876
2098
2173
2703
2797
3153
3276
3387
3955
4219
4241
70
184
914
923
995
1222
1274
1451
1708
2563
2815
2852
3187
3224
3463
3497
3543
3660
3965
4043
4195
410
615
1120
1139
1444
1677
1955
2479
2667
3339
3676
4194
163
282
333
742
1291
1633
1888
2473
3157
37
220
988
1054
1538
1589
1880
2181
2278
2317
2454
2950
2990
3382
4000
2
40
63
896
1008
1796
2722
2735
2958
3334
3469
4122
426
787
811
906
992
1199
1385
1470
1472
1577
1652
1844
2039
2532
2587
2605
2775
2842
2956
3760
3940
4099
33
34
1800
2441
2622
2640
2911
2938
2976
3201
3346
4025
4135
4217
343
841
983
1332
1987
2343
2666
2826
3072
3563
3584
3705
4175
679
1127
3143
135
1507
1653
1908
2095
2495
2725
2938
3371
3421
3811
3881
3961
4024
4197
150
785
1263
1356
1859
2308
2450
2887
3849
1140
1517
1606
2236
2442
2836
2846
3222
3766
4116
4191
442
1162
2042
2159
2483
3496
3822
3900
3935
532
612
743
802
1331
1769
1946
2521
2899
2920
2968
3181
3548
3740
4160
166
201
559
1312
1839
2164
2387
2780
2800
3518
4166
4202
1
63
860
1123
1168
1626
2411
2588
2832
2932
3067
3097
3451
3690
214
735
1414
1572
2384
2673
2871
4047
4220
321
1635
2070
2290
3008
3016
3203
4186
415
526
609
674
1348
1865
2649
3034
3256
3897
4177
98
1247
1582
2114
2271
2479
2527
3014
3228
3402
3449
3729
3881
4067
127
174
1994
2038
2097
2468
2547
2947
3363
3518
4130
642
670
731
988
1806
1885
2048
2581
2678
3672
3936
3964
3987
3991
4208
334
487
519
701
1572
1663
1715
2023
2477
3286
139
250
292
423
1477
2363
2930
2999
4231
163
240
876
1051
1321
1456
2873
2924
3009
3247
3303
3702
3786
65
481
1539
1704
1953
2141
2151
2612
3010
3462
3751
4052
4157
4161
4176
417
706
717
765
889
1608
1697
1716
1739
2104
2430
2627
2711
3064
3111
3122
3509
3994
3995
442
734
1722
1737
1751
2048
2550
3460
3512
3583
3977
108
123
519
802
1223
1427
1602
1808
2560
2643
3283
3741
4078
4122
4211
91
161
319
461
535
892
1131
1476
1578
1796
1867
2311
2404
2675
2700
2833
3244
3340
3601
3779
293
684
937
1160
1874
2018
2205
2789
2793
3354
4054
4209
100
255
618
652
824
1691
1895
3265
3889
353
583
704
855
1058
1194
1590
1730
1830
1887
1913
2308
2555
2699
3152
3256
3391
3753
4092
484
609
838
893
1239
1254
1697
1732
2229
2584
2654
3905
74
931
1811
1889
2495
3627
3679
3806
3916
4232
790
1073
1145
1305
1559
2038
2575
2903
3001
3023
3737
3921
176
271
277
344
919
1154
1192
1378
1833
1969
2068
2228
2747
3395
3803
3841
144
477
702
813
1442
1595
1920
2070
2233
2285
2348
2876
2996
3276
3653
3668
3975
238
1064
1837
2089
2797
3053
3214
3899
31
171
438
1836
2264
3453
4044
4106
4125
397
448
790
835
1398
1440
2117
2296
2594
2622
2881
3061
656
799
1048
1235
1276
1581
1852
2140
2274
3600
3738
4068
37
111
120
461
529
1114
1610
1818
2200
2352
2506
2626
2644
2703
2889
3238
3375
3610
3693
3733
4098
169
312
527
1288
1289
1680
1731
2019
2441
2639
2676
2820
3094
3467
3615
4009
4229
176
924
1342
1388
1596
2915
2995
3351
3384
3991
4181
75
129
136
911
1033
1717
1735
2901
3284
3402
3833
77
512
915
1030
1086
1203
1221
1410
1509
1578
1581
1641
1966
2068
2895
3329
3466
115
635
993
1495
1974
2005
2362
2434
2435
2448
2519
3986
4189
381
1230
1805
1877
1892
2115
2207
2279
2545
2702
3153
3215
3267
3365
3516
3781
4210
489
1542
1679
1827
1880
2285
2745
2861
3081
3305
3490
3636
3716
375
456
957
1011
1366
1661
1701
1903
2007
2076
2101
2263
2484
2862
3201
16
299
336
350
553
857
1587
1719
2171
2379
2778
3388
3734
3993
687
1017
1310
1373
1985
2681
3127
231
468
698
1028
1331
1703
1730
1899
1972
2624
3240
3262
3407
3555
3838
3925
4122
4134
4161
338
617
1082
1504
1759
1953
1996
2392
2584
2700
2747
2962
3226
3325
3654
72
187
586
591
651
926
977
1016
1322
1591
1641
1724
2031
2329
2696
2698
2752
2920
3159
630
1230
1298
1485
1741
2053
2784
3186
3432
3716
4192
502
1178
1351
1844
1909
2466
2472
2634
2725
3100
3280
3451
3663
291
647
1120
1129
1193
1452
1568
1572
2105
2127
2195
2270
2354
3026
3228
3439
3968
43
525
555
626
1345
1438
1540
2008
2091
2294
2503
2633
2702
2902
2955
3027
3208
3300
3417
3434
3455
3503
3626
4196
516
878
999
1082
1309
1445
1615
1651
2397
2606
47
402
564
593
901
1083
1182
2279
3043
3044
3864
81
191
217
395
568
642
883
927
1191
1773
2687
2944
3217
3252
25
486
868
1282
1349
1596
1636
1770
2571
3180
3783
109
724
737
847
1091
1391
1522
2028
2176
2421
2467
3386
3395
3853
5
50
98
450
455
508
1185
1486
1684
2032
2527
2738
2993
3637
4073
4191
300
400
610
1740
2454
2457
2680
2716
38
262
280
301
404
522
543
845
1167
1347
1973
2160
2553
3163
3737
56
374
436
452
829
887
1043
1742
2208
2294
2469
2943
3539
4211
388
537
698
966
1047
1294
1632
1999
2037
2293
2398
2674
3480
3498
3759
4037
106
329
457
809
1037
1101
1170
1466
1757
1901
2000
2111
2326
2615
2666
2939
3945
477
525
774
784
866
1365
1649
2032
2165
2211
2314
2583
2761
3041
3774
3799
3829
4071
4129
672
737
744
884
1043
1375
1633
1752
2266
2822
3300
3304
3770
3913
4163
4243
68
144
259
337
463
558
859
1237
1318
1327
2215
2480
2945
3095
3120
3134
3600
3700
3773
465
611
1124
1250
1302
1865
2464
3418
3433
3436
3519
3983
4217
701
716
745
1647
1678
1725
1838
1890
1920
2249
2462
3800
4217
263
293
764
988
1052
1172
1998
2313
2700
2900
3590
3732
4083
807
1204
1342
1539
1661
2301
2504
2524
2680
2984
3349
4229
945
1510
1766
2061
2500
3030
3723
76
165
586
1848
1877
2134
2676
2733
3262
611
650
682
708
730
847
907
1010
1802
3136
3520
3745
3839
3859
224
1234
1685
2084
2158
2281
2650
3125
147
229
678
834
1430
1492
1688
1751
1795
1839
2104
2162
2397
2416
2703
3843
751
1367
2061
2194
4141
133
625
921
1031
1108
1643
1745
2286
2385
3142
3292
3333
3808
413
958
1003
1428
2081
2163
2250
2406
2545
3234
3388
3595
3742
4150
1278
1760
2032
2648
2707
2974
2975
3168
3928
211
227
933
1400
2025
2201
2918
3680
4031
302
862
938
1313
1526
1758
2035
2102
2511
2759
2767
2898
3199
3500
3799
3828
189
225
443
646
830
1711
2714
3480
3980
3983
381
1413
1443
2267
2442
3271
3307
3421
3840
4021
4133
62
138
171
411
511
714
992
1369
2548
2810
2841
3660
3695
21
981
1207
1552
1667
2350
2430
3023
3214
3516
3651
3846
3911
3974
4008
4119
609
634
1142
1144
1320
1656
1681
1898
2456
2724
3658
3792
3830
399
1447
1919
2147
2563
2635
3261
3445
3544
222
798
942
1223
1236
1512
1625
1821
2080
2316
2643
2998
3171
3434
3473
3566
3612
4199
154
459
542
573
576
795
1151
1261
1265
1283
1304
1394
1935
1944
2522
3159
3266
3420
3797
3888
4045
223
446
456
613
793
931
934
1216
1499
3138
3618
3690
3708
3798
3931
252
408
671
757
897
1077
1337
1658
1731
1901
2673
2836
3246
3286
3801
3989
810
879
1052
1868
1881
2095
3161
4071
4187
4212
299
320
336
1494
2034
2085
2137
2298
3279
3370
467
482
705
708
726
1474
1573
2027
2183
2510
2618
2907
3408
3427
3559
3579
356
554
691
914
960
1065
1163
1221
1416
1665
2438
2533
2822
3039
3083
3264
3574
3706
4048
153
236
493
1355
1908
2106
2634
1149
1369
1547
1551
1636
1886
2500
2908
2943
3969
4031
4116
204
209
1956
2233
2382
2662
2791
3188
3476
3509
3799
3986
610
1360
1549
1772
1801
2541
4087
160
821
1267
1627
1664
1958
1998
2458
3411
3486
3580
778
1450
2380
2419
2459
2896
3226
3638
3665
3871
4063
4206
260
480
889
1064
1187
1643
2172
2210
2639
2725
2896
3187
3203
3377
3454
3456
3644
4116
4247
77
266
540
762
1086
1221
2304
2477
2818
3024
4142
767
1206
1210
1391
1623
2273
2299
3338
3796
4034
374
741
962
1511
1788
2688
3119
3984
4019
597
1095
2016
2074
2315
2363
2424
2835
3918
4172
107
668
789
1072
1743
2189
2437
3036
3682
3834
439
661
932
970
1031
1276
1445
1953
2427
3496
3545
3693
3911
32
83
382
405
574
840
1286
1916
2599
2709
3264
3298
3877
1346
1672
2239
2379
2503
2565
3857
3913
4050
4234
350
369
895
923
2003
2023
2233
2694
2848
2989
4013
156
661
728
848
1464
1491
1859
1863
2265
2618
2750
3081
3350
3697
4187
4204
469
907
964
1216
2121
2125
2163
3318
3956
3985
4094
