118
838
-1
593
296
-1
-1
-1
745
206
166
767
-1
797
-1
807
-1
545
-1
649
-1
-1
-1
-1
-1
942
137
-1
-1
-1
-1
-1
995
-1
-1
-1
-1
882
-1
-1
850
-1
-1
938
627
562
-1
-1
-1
-1
-1
-1
272
-1
-1
429
876
-1
311
265
-1
-1
70
-1
459
-1
25
460
952
-1
168
-1
484
-1
53
-1
876
-1
-1
-1
-1
-1
293
-1
-1
-1
-1
221
208
591
-1
-1
-1
39
-1
-1
199
334
898
510
910
628
-1
585
-1
-1
839
675
907
324
-1
-1
470
-1
-1
-1
-1
-1
-1
-1
324
-1
-1
907
-1
-1
-1
851
638
-1
-1
570
-1
-1
-1
-1
-1
717
-1
-1
-1
109
-1
-1
-1
701
-1
-1
806
548
451
-1
-1
-1
-1
-1
-1
25
-1
-1
-1
-1
-1
-1
15
-1
893
-1
370
823
285
918
488
-1
-1
4
147
-1
-1
592
-1
522
696
207
-1
600
700
-1
-1
-1
-1
-1
13
713
862
309
-1
-1
512
-1
157
-1
417
-1
-1
-1
184
-1
132
-1
578
674
-1
634
484
4
406
-1
-1
289
536
-1
-1
-1
542
113
-1
966
533
-1
511
84
773
194
-1
483
109
695
917
261
-1
-1
280
648
83
404
-1
-1
-1
-1
902
536
977
-1
-1
-1
574
765
-1
952
444
142
598
609
-1
-1
460
-1
-1
262
-1
-1
-1
-1
-1
849
-1
-1
-1
-1
121
791
-1
-1
808
687
-1
833
-1
711
-1
-1
122
955
542
587
-1
-1
128
-1
484
159
-1
260
807
-1
145
508
212
-1
-1
-1
922
-1
-1
-1
529
713
592
908
737
-1
124
113
371
282
314
500
287
124
-1
-1
291
614
-1
-1
-1
-1
182
-1
489
428
-1
-1
-1
-1
14
-1
521
-1
-1
220
-1
578
682
-1
-1
602
644
-1
563
356
684
-1
-1
599
-1
25
875
653
-1
853
-1
-1
-1
539
-1
-1
-1
384
692
-1
-1
-1
108
734
383
-1
-1
-1
254
-1
537
622
-1
-1
-1
818
-1
973
-1
688
-1
-1
-1
5
74
490
121
-1
736
-1
285
-1
566
287
-1
355
852
275
82
-1
248
-1
-1
-1
-1
225
-1
185
-1
369
22
760
149
-1
-1
-1
-1
-1
-1
-1
-1
-1
-1
-1
-1
-1
-1
-1
-1
37
-1
-1
-1
-1
437
-1
720
290
-1
-1
-1
952
527
-1
-1
-1
4
596
321
712
455
531
570
-1
307
950
41
-1
-1
37
-1
583
342
346
-1
901
535
471
-1
588
-1
-1
-1
798
232
-1
-1
108
652
-1
228
516
-1
-1
136
-1
69
-1
618
669
-1
-1
-1
71
-1
44
-1
747
352
458
-1
-1
556
-1
813
597
-1
708
-1
-1
-1
316
-1
-1
-1
-1
488
2
-1
-1
-1
-1
572
-1
-1
-1
300
-1
695
13
-1
-1
-1
-1
516
16
725
383
-1
-1
-1
528
-1
-1
-1
742
-1
134
-1
545
346
-1
-1
-1
198
514
169
209
138
-1
130
911
723
747
-1
303
-1
105
142
-1
-1
824
-1
798
785
-1
420
810
460
-1
153
24
-1
76
770
67
671
897
-1
-1
664
-1
89
310
483
-1
-1
-1
-1
-1
145
-1
-1
622
662
-1
-1
416
935
-1
479
-1
832
-1
755
684
-1
732
436
214
900
860
-1
-1
19
-1
-1
803
959
611
-1
390
468
-1
-1
-1
858
504
410
998
-1
506
560
-1
-1
762
161
100
-1
388
788
-1
121
548
-1
-1
-1
-1
-1
860
317
294
678
-1
-1
-1
-1
708
-1
561
-1
-1
571
-1
446
766
585
-1
-1
119
635
259
50
-1
-1
-1
-1
251
-1
669
378
-1
581
52
747
-1
-1
-1
-1
640
678
36
-1
694
-1
-1
568
-1
-1
-1
-1
-1
48
824
-1
-1
520
508
-1
5
-1
892
171
298
-1
429
772
260
800
694
-1
-1
34
-1
379
-1
-1
-1
499
-1
-1
-1
-1
905
643
-1
360
-1
632
-1
-1
-1
950
-1
-1
-1
517
761
-1
-1
43
-1
-1
305
-1
884
720
-1
914
-1
844
-1
627
468
-1
303
458
294
-1
-1
907
578
-1
-1
201
432
-1
-1
-1
-1
524
-1
637
784
-1
86
14
-1
-1
-1
-1
-1
777
-1
-1
-1
-1
947
148
-1
-1
-1
-1
-1
140
-1
-1
59
-1
-1
-1
-1
-1
-1
-1
-1
-1
189
788
-1
-1
-1
714
-1
341
719
673
952
894
456
-1
24
711
-1
-1
237
-1
447
-1
-1
190
-1
-1
843
-1
-1
814
978
223
-1
577
-1
657
-1
44
55
420
-1
159
172
908
912
538
997
43
-1
-1
-1
194
-1
-1
-1
-1
-1
-1
-1
166
-1
30
924
279
-1
879
563
685
665
136
567
585
-1
753
665
424
-1
-1
-1
166
182
8
976
994
-1
488
-1
582
-1
-1
421
23
547
-1
-1
634
957
-1
255
-1
613
-1
-1
-1
865
-1
-1
-1
-1
31
10
760
-1
402
203
-1
74
226
-1
-1
274
197
557
625
250
190
206
839
747
-1
626
-1
971
288
33
650
566
781
237
900
-1
859
191
-1
-1
-1
-1
601
224
842
22
11
-1
484
-1
274
744
846
-1
39
-1
-1
643
691
-1
-1
-1
-1
-1
-1
381
-1
575
259
-1
343
33
823
-1
932
-1
9
963
506
-1
25
-1
-1
949
-1
816
800
699
-1
-1
149
67
-1
948
-1
50
579
-1
-1
-1
-1
8
333
96
-1
-1
-1
-1
-1
405
-1
981
239
-1
816
-1
1
-1
642
914
567
58
689
-1
-1
-1
-1
697
391
-1
463
123
-1
187
-1
-1
-1
184
-1
-1
744
672
479
-1
546
-1
-1
792
433
-1
166
-1
-1
-1
13
669
-1
-1
-1
-1
285
-1
385
-1
181
-1
-1
598
-1
894
-1
227
-1
887
-1
826
646
-1
52
873
91
657
423
-1
660
-1
-1
-1
-1
-1
-1
-1
845
-1
790
-1
625
116
-1
-1
204
548
297
-1
-1
593
909
-1
-1
227
649
435
410
-1
496
602
85
418
639
159
211
109
-1
-1
-1
-1
-1
-1
299
502
465
0
376
-1
293
-1
392
941
-1
98
-1
17
-1
-1
-1
-1
18
725
89
-1
297
47
990
-1
649
385
-1
-1
35
638
108
659
976
826
765
821
805
-1
356
-1
741
-1
104
-1
187
-1
-1
393
-1
366
-1
-1
818
952
190
-1
447
262
322
-1
549
-1
-1
-1
324
232
513
278
-1
-1
71
517
-1
-1
319
90
249
15
312
-1
-1
321
526
986
-1
-1
-1
373
-1
721
248
578
920
114
965
-1
663
-1
330
975
-1
-1
-1
355
477
724
-1
-1
700
-1
948
650
-1
854
792
842
-1
-1
-1
-1
704
-1
258
190
-1
-1
-1
229
55
566
204
213
479
-1
-1
-1
-1
903
934
-1
801
-1
799
-1
876
447
680
-1
-1
-1
-1
621
-1
190
-1
-1
382
-1
-1
329
247
320
741
-1
-1
15
549
300
281
191
634
982
488
-1
642
-1
-1
163
-1
320
150
369
929
45
201
-1
851
-1
176
12
-1
799
716
-1
-1
406
165
-1
-1
-1
-1
26
-1
875
923
-1
-1
-1
651
-1
-1
167
-1
818
-1
283
-1
-1
371
-1
185
-1
-1
-1
619
-1
925
457
560
-1
-1
701
-1
-1
337
634
-1
208
-1
348
-1
-1
10
-1
64
-1
201
-1
360
35
542
-1
-1
481
-1
-1
-1
759
916
-1
880
203
159
-1
719
621
-1
879
-1
256
366
-1
-1
597
349
281
371
802
-1
870
128
249
-1
833
587
165
-1
169
-1
65
-1
-1
545
-1
-1
-1
-1
150
-1
-1
-1
-1
713
-1
-1
646
654
-1
604
843
-1
926
240
-1
-1
976
-1
829
-1
127
-1
477
-1
-1
802
-1
-1
597
-1
275
170
313
141
-1
-1
-1
-1
6
-1
661
863
-1
350
-1
-1
325
272
562
500
372
-1
17
868
757
-1
904
938
-1
697
-1
-1
359
-1
-1
635
-1
697
-1
-1
-1
462
72
-1
348
-1
-1
208
-1
-1
-1
-1
310
816
87
-1
-1
-1
-1
901
-1
-1
-1
389
-1
925
568
-1
373
417
229
629
273
550
-1
198
-1
911
693
248
411
-1
916
-1
-1
507
-1
821
-1
-1
630
365
832
278
-1
-1
650
170
376
-1
397
-1
337
305
55
-1
13
300
-1
761
243
-1
-1
894
154
87
-1
-1
-1
567
881
-1
134
-1
-1
330
193
536
-1
686
550
-1
309
-1
-1
-1
-1
-1
-1
148
688
33
-1
-1
481
-1
-1
427
-1
642
659
238
-1
-1
-1
-1
-1
91
-1
-1
-1
-1
-1
-1
-1
558
43
-1
-1
-1
105
-1
-1
-1
102
132
137
404
577
222
417
739
-1
-1
-1
35
-1
704
-1
279
429
-1
-1
-1
-1
-1
-1
390
-1
70
436
-1
901
905
476
622
-1
553
31
906
181
-1
198
664
-1
-1
-1
-1
848
912
-1
-1
-1
-1
-1
270
-1
945
841
947
993
400
465
-1
160
790
850
-1
-1
-1
-1
-1
-1
470
-1
292
-1
191
-1
62
-1
674
505
957
676
-1
689
863
-1
-1
-1
235
80
768
180
343
-1
-1
-1
360
358
438
-1
-1
-1
-1
695
-1
222
363
-1
747
961
-1
-1
717
-1
-1
-1
296
767
270
-1
822
596
-1
-1
776
-1
615
-1
219
663
814
-1
-1
201
-1
-1
824
97
-1
134
388
-1
-1
471
-1
-1
322
915
325
-1
-1
917
-1
961
-1
-1
398
290
432
166
640
700
-1
-1
-1
370
690
-1
-1
-1
-1
-1
744
303
108
115
-1
998
220
-1
-1
-1
-1
-1
373
-1
691
-1
909
-1
-1
-1
-1
275
-1
-1
177
-1
-1
-1
-1
206
644
-1
199
82
-1
-1
-1
910
23
413
750
-1
538
506
-1
-1
-1
-1
198
-1
-1
392
541
-1
-1
-1
391
741
84
-1
-1
973
117
-1
-1
121
767
529
350
837
-1
-1
213
-1
-1
485
770
665
-1
-1
556
790
-1
693
861
-1
22
805
788
827
-1
-1
67
-1
291
994
-1
880
306
-1
190
-1
184
-1
311
214
-1
790
-1
-1
-1
794
147
134
-1
51
-1
381
578
602
-1
-1
-1
389
257
-1
872
527
-1
-1
207
300
301
300
787
-1
-1
-1
845
693
-1
120
-1
528
-1
463
-1
716
242
284
764
0
287
-1
237
108
663
-1
-1
-1
-1
-1
-1
837
-1
-1
-1
-1
-1
-1
-1
692
657
934
-1
-1
822
-1
280
361
899
-1
124
641
891
-1
137
-1
-1
-1
455
832
-1
433
526
-1
640
-1
-1
-1
662
835
-1
957
773
-1
741
304
86
-1
-1
-1
-1
869
-1
218
-1
119
-1
-1
624
-1
974
-1
192
-1
416
979
-1
50
-1
-1
-1
694
362
318
737
888
170
-1
-1
580
390
-1
326
-1
-1
36
-1
567
181
-1
388
201
-1
-1
898
-1
795
361
802
-1
246
-1
-1
-1
158
-1
512
767
193
-1
851
48
-1
-1
368
-1
-1
-1
635
214
389
-1
127
517
-1
505
-1
46
-1
29
435
336
-1
-1
293
196
-1
-1
960
-1
946
-1
-1
-1
-1
-1
-1
-1
414
560
476
322
-1
874
-1
-1
592
-1
105
719
-1
-1
293
980
-1
272
-1
128
-1
865
-1
-1
-1
-1
496
257
680
-1
-1
-1
420
839
-1
157
51
909
352
-1
-1
-1
863
-1
321
596
731
-1
347
333
851
169
779
-1
-1
152
701
-1
-1
724
-1
-1
-1
261
333
-1
-1
667
373
-1
238
996
-1
583
-1
153
-1
-1
-1
-1
-1
663
-1
8
-1
-1
394
304
50
-1
812
-1
564
-1
457
-1
918
998
230
691
212
-1
-1
898
738
844
-1
-1
611
748
-1
-1
-1
356
235
243
141
-1
-1
-1
-1
24
896
229
649
-1
938
1
-1
-1
76
990
-1
-1
-1
438
-1
-1
-1
171
911
-1
675
-1
457
-1
615
-1
-1
882
-1
782
-1
1
-1
617
666
545
949
-1
549
26
639
-1
774
-1
-1
680
-1
874
-1
-1
-1
-1
-1
886
-1
767
-1
-1
-1
752
279
-1
-1
291
-1
484
-1
684
-1
107
-1
-1
926
-1
-1
32
447
-1
-1
113
-1
-1
-1
-1
-1
597
39
-1
-1
327
987
-1
681
745
350
-1
56
-1
-1
-1
-1
-1
556
-1
-1
372
-1
939
138
-1
-1
268
394
-1
748
-1
874
-1
-1
335
272
-1
37
113
-1
-1
543
-1
822
636
-1
468
690
-1
-1
-1
461
776
-1
284
117
-1
751
641
-1
-1
48
719
-1
379
172
-1
890
-1
-1
722
-1
124
777
-1
815
-1
26
120
945
-1
972
945
822
-1
-1
-1
436
-1
509
340
-1
91
-1
-1
830
382
-1
551
311
794
349
234
749
515
420
-1
-1
566
-1
-1
-1
-1
517
771
-1
-1
-1
-1
50
64
-1
407
433
-1
539
-1
605
996
638
510
-1
-1
-1
-1
980
645
-1
-1
-1
394
820
-1
-1
926
-1
466
-1
853
956
-1
-1
-1
-1
632
216
690
-1
-1
-1
132
-1
-1
-1
-1
718
-1
99
-1
364
964
829
354
-1
313
-1
564
349
714
537
-1
-1
-1
-1
-1
-1
820
233
973
69
609
792
206
191
-1
178
126
-1
174
644
610
-1
785
-1
-1
680
-1
-1
-1
933
800
478
740
-1
-1
-1
-1
394
-1
919
-1
-1
-1
455
309
724
545
-1
23
278
-1
939
-1
-1
-1
513
150
608
-1
9
949
-1
501
380
-1
195
-1
885
330
-1
-1
182
-1
501
-1
-1
218
-1
-1
-1
-1
-1
-1
-1
173
360
569
862
-1
-1
364
-1
-1
965
-1
-1
-1
-1
-1
15
-1
-1
-1
722
482
-1
162
-1
752
549
599
219
880
-1
668
204
-1
-1
-1
-1
105
-1
461
-1
464
-1
-1
28
821
-1
-1
-1
-1
480
398
-1
742
-1
62
175
350
-1
412
-1
-1
955
553
-1
878
-1
102
204
-1
-1
-1
-1
905
792
-1
105
506
617
-1
-1
156
412
261
-1
542
972
-1
15
-1
-1
255
236
279
-1
860
-1
-1
-1
-1
-1
-1
-1
-1
525
-1
-1
928
-1
915
-1
687
-1
433
-1
872
-1
852
-1
749
348
-1
829
-1
-1
96
-1
-1
-1
247
713
-1
589
799
203
-1
411
884
33
705
930
550
-1
181
642
-1
-1
385
502
749
-1
-1
-1
984
-1
553
117
-1
-1
58
133
108
-1
-1
366
418
258
590
-1
487
433
-1
586
-1
644
158
-1
-1
868
666
-1
800
-1
-1
951
-1
-1
269
-1
159
-1
-1
308
751
894
841
333
759
-1
-1
557
-1
337
970
816
252
-1
462
-1
396
-1
754
592
34
879
-1
12
757
-1
721
-1
61
-1
195
929
-1
-1
300
-1
-1
-1
-1
146
357
-1
903
784
102
-1
-1
58
-1
216
-1
-1
-1
843
-1
742
-1
337
283
698
344
120
-1
464
925
790
-1
967
-1
-1
-1
-1
611
147
100
326
211
-1
620
-1
-1
-1
-1
-1
608
-1
-1
773
-1
-1
597
-1
450
197
422
68
-1
449
-1
-1
-1
529
843
-1
648
484
-1
-1
323
244
710
809
-1
17
214
-1
-1
615
-1
143
-1
595
831
-1
938
257
-1
-1
615
-1
-1
72
-1
131
-1
744
-1
-1
689
498
-1
-1
-1
965
462
-1
-1
-1
-1
214
252
-1
163
956
-1
113
-1
740
-1
-1
-1
-1
-1
-1
193
756
-1
836
-1
482
550
305
-1
135
139
40
-1
-1
903
122
-1
-1
-1
-1
-1
-1
-1
-1
559
770
625
-1
748
279
-1
-1
938
-1
437
676
-1
-1
394
-1
-1
993
539
408
-1
-1
-1
852
940
693
-1
109
-1
-1
-1
414
20
-1
237
414
-1
-1
-1
332
-1
381
138
135
201
529
466
451
433
-1
-1
-1
393
560
571
-1
478
-1
-1
-1
-1
-1
-1
-1
858
596
469
-1
-1
513
744
-1
4
598
-1
922
952
-1
-1
96
343
936
-1
-1
-1
-1
758
-1
-1
-1
-1
791
905
298
-1
-1
338
-1
-1
-1
-1
677
25
905
-1
875
347
-1
212
597
475
-1
857
-1
-1
-1
-1
-1
266
-1
243
734
-1
963
251
6
871
186
319
545
258
-1
445
170
878
302
773
-1
-1
-1
-1
-1
978
328
-1
-1
-1
-1
-1
539
-1
109
656
-1
-1
-1
298
-1
-1
-1
-1
942
892
-1
101
-1
-1
-1
-1
-1
822
501
-1
-1
46
219
-1
-1
-1
81
106
219
415
527
-1
439
27
-1
328
31
756
-1
-1
214
610
971
-1
-1
-1
624
-1
-1
662
-1
756
-1
-1
-1
-1
-1
-1
-1
-1
-1
386
964
420
-1
-1
-1
-1
100
858
-1
-1
908
266
977
-1
221
-1
306
-1
-1
-1
804
176
-1
-1
-1
-1
-1
425
958
-1
-1
867
-1
-1
-1
245
-1
-1
42
710
-1
91
-1
610
235
979
936
-1
811
-1
-1
-1
901
-1
219
-1
785
-1
-1
498
374
465
-1
-1
513
570
951
775
342
9
-1
-1
-1
-1
587
262
-1
333
38
726
-1
47
-1
71
-1
-1
596
467
-1
41
-1
288
-1
693
770
421
-1
584
-1
435
-1
72
832
-1
646
408
908
70
242
103
390
-1
-1
513
752
-1
-1
592
-1
-1
-1
78
-1
363
-1
-1
382
-1
-1
770
-1
-1
-1
595
-1
-1
-1
-1
780
388
-1
-1
-1
302
222
58
-1
488
-1
-1
-1
-1
-1
222
930
-1
142
-1
-1
-1
-1
943
-1
-1
91
278
-1
444
-1
-1
349
79
-1
264
-1
199
-1
-1
-1
128
-1
-1
-1
938
-1
-1
-1
-1
243
172
51
-1
-1
166
541
-1
-1
634
-1
771
938
813
-1
718
223
115
247
738
-1
627
765
-1
600
650
371
-1
-1
-1
536
-1
-1
938
144
-1
663
-1
-1
-1
-1
-1
39
-1
925
-1
-1
883
735
-1
-1
509
628
93
-1
460
-1
835
948
333
-1
-1
-1
-1
986
-1
-1
786
928
-1
424
208
99
422
994
635
948
463
-1
-1
316
-1
-1
453
18
369
751
905
-1
756
-1
-1
392
0
-1
-1
-1
834
382
-1
-1
502
-1
435
-1
31
762
583
-1
110
497
-1
-1
-1
-1
253
-1
82
605
-1
-1
-1
-1
-1
-1
190
181
325
704
-1
-1
350
-1
932
-1
-1
-1
-1
-1
876
55
-1
-1
-1
-1
348
758
593
-1
657
-1
-1
-1
461
-1
595
39
644
986
-1
-1
-1
717
-1
567
-1
523
335
85
218
509
-1
387
414
-1
737
-1
-1
-1
-1
-1
-1
207
414
300
177
-1
-1
331
275
364
524
-1
-1
-1
346
-1
-1
183
-1
204
776
527
-1
938
913
-1
-1
-1
-1
-1
-1
-1
642
613
-1
323
-1
-1
45
283
-1
988
862
727
-1
584
238
-1
971
-1
699
502
-1
422
259
-1
145
-1
233
418
-1
-1
-1
-1
835
916
-1
-1
-1
-1
-1
-1
339
757
495
-1
716
336
-1
-1
307
496
71
850
500
221
-1
976
-1
-1
-1
-1
637
718
998
-1
-1
-1
611
-1
871
446
214
-1
178
-1
-1
612
-1
-1
-1
235
823
-1
-1
-1
541
522
-1
-1
-1
793
52
7
685
-1
139
-1
643
492
-1
930
-1
255
946
-1
609
602
271
-1
220
-1
-1
-1
-1
-1
-1
-1
605
83
516
413
-1
-1
-1
-1
948
-1
267
602
-1
495
545
-1
609
-1
-1
299
163
509
-1
-1
682
445
-1
418
-1
-1
66
57
-1
111
-1
-1
177
-1
870
-1
-1
585
836
466
-1
-1
-1
-1
-1
363
-1
50
324
-1
-1
437
142
693
-1
-1
-1
757
-1
-1
646
-1
236
-1
444
-1
165
-1
147
340
153
-1
-1
-1
950
290
-1
553
-1
-1
107
-1
-1
623
220
969
-1
199
-1
523
13
722
434
760
782
753
-1
-1
-1
466
-1
133
-1
281
356
237
-1
-1
508
530
-1
-1
-1
228
-1
-1
-1
661
67
850
241
-1
-1
244
-1
4
-1
-1
749
-1
-1
-1
-1
766
910
-1
334
171
-1
-1
243
764
897
685
-1
-1
-1
-1
-1
711
-1
-1
-1
6
556
-1
-1
7
363
-1
-1
913
-1
-1
-1
-1
-1
110
356
-1
-1
191
707
368
-1
-1
976
-1
-1
663
891
900
-1
-1
70
-1
-1
755
-1
-1
-1
-1
-1
-1
-1
-1
877
-1
582
-1
878
195
417
19
507
716
485
-1
-1
842
879
-1
-1
871
-1
-1
414
-1
-1
971
916
395
-1
-1
238
340
-1
153
968
769
-1
984
-1
204
-1
-1
900
-1
20
-1
-1
541
-1
474
-1
882
608
42
99
729
-1
-1
-1
21
270
500
796
-1
-1
-1
-1
-1
520
752
-1
-1
-1
-1
-1
-1
-1
215
-1
-1
4
719
966
-1
532
-1
651
-1
948
-1
721
160
639
-1
879
918
337
-1
-1
-1
604
-1
392
-1
-1
-1
-1
180
323
636
3
-1
-1
-1
-1
-1
75
-1
898
-1
577
-1
978
762
-1
868
746
113
-1
-1
-1
337
46
-1
955
617
441
366
-1
-1
711
-1
-1
-1
-1
500
-1
327
-1
-1
800
-1
594
722
-1
581
-1
918
-1
600
-1
-1
769
-1
744
567
20
988
15
-1
971
501
-1
-1
-1
801
-1
619
539
-1
461
129
400
838
-1
-1
-1
347
701
569
-1
-1
962
369
-1
-1
-1
9
440
625
-1
964
-1
33
88
-1
-1
-1
-1
-1
51
892
-1
21
951
-1
-1
-1
212
711
269
360
451
992
876
-1
-1
681
897
-1
608
-1
-1
274
835
393
585
630
978
391
-1
743
-1
-1
-1
229
152
274
-1
697
-1
-1
493
-1
-1
437
388
-1
219
900
-1
927
947
978
-1
-1
-1
67
-1
-1
-1
-1
579
364
-1
468
549
-1
-1
-1
175
2
902
-1
-1
-1
469
855
-1
-1
-1
490
-1
-1
-1
352
-1
195
-1
624
-1
