0
12
25
41
53
69
85
95
104
121
132
142
153
165
183
196
213
228
243
257
270
281
301
313
331
341
354
362
371
385
397
413
430
440
456
467
481
493
506
516
529
540
553
565
577
590
601
612
622
648
655
674
687
702
712
719
733
744
753
769
776
782
791
804
817
833
843
854
865
880
889
906
922
933
940
953
963
977
987
996
1011
1021
1038
1052
1062
1074
1082
1092
1105
1121
1128
1136
1149
1158
1175
1189
1198
1220
1228
1237
1248
1261
1268
1282
1297
1319
1330
1341
1355
1372
1395
1409
1418
1430
1446
1457
1471
1489
1505
1523
1543
1553
1572
1589
1601
1615
1624
1634
1650
1663
1679
1694
1707
1721
1733
1750
1764
1775
1784
1792
1803
1811
1819
1835
1851
1864
1884
1896
1912
1928
1940
1955
1966
1978
1998
2013
2022
2038
2050
2060
2073
2085
2098
2105
2121
2131
2149
2172
2183
2200
2212
2230
2241
2253
2270
2286
2297
2308
2322
2332
2338
2348
2360
2373
2387
2403
2411
2420
2430
2441
2452
2470
2487
2501
2516
2534
2549
2561
2571
2586
2598
2609
2622
2627
2645
2660
2672
2682
2696
2712
2719
2731
2746
2755
2764
2781
2791
2805
2824
2836
2852
2864
2880
2894
2905
2921
2936
2944
2956
2966
2981
2996
3008
3015
3033
3044
3057
3068
3080
3095
3104
3123
3131
3143
3161
3172
3180
3194
3207
3218
3226
3235
3247
3261
3279
3286
3297
3315
3327
3342
3350
3359
3371
3383
3392
3406
3418
3430
3435
3447
3458
3467
3475
3484
3490
3509
3527
3540
3550
3563
3578
3587
3604
3614
3627
3637
3652
3661
3678
3692
3709
3717
3730
3739
3755
3770
3779
3794
3817
3826
3840
3859
3877
3884
3894
3908
3925
3936
3950
3962
3976
3991
4003
4013
4028
4033
4042
4059
4071
4085
4107
4123
4137
4147
4158
4177
4191
4205
4216
4230
4237
4248
4259
4270
4286
4298
4309
4324
4342
4348
4363
4374
4383
4396
4412
4420
4429
4442
4454
4473
4497
4508
4517
4528
4540
4550
4556
4566
4578
4591
4600
4612
4623
4637
4650
4662
4672
4686
4695
4704
4721
4737
4753
4768
4783
4793
4803
4817
4828
4841
4849
4855
4866
4883
4893
4903
4912
4924
4935
4953
4966
4980
4999
5011
5027
5040
5050
5062
5072
5085
5092
5105
5115
5123
5135
5147
5157
5168
5184
5194
5213
5225
5234
5243
5255
5273
5287
5300
5315
5331
5340
5357
5367
5382
5394
5408
5422
5431
5442
5448
5459
5471
5479
5488
5504
5513
5535
5549
5561
5572
5583
5592
5597
5609
5620
5634
5648
5662
5674
5684
5690
5706
5718
5730
5745
5754
5762
5775
5791
5800
5812
5829
5843
5851
5864
5880
5892
5906
5919
5934
5947
5962
5974
5981
5992
5999
6013
6024
6041
6058
6071
6083
6096
6108
6118
6134
6146
6150
6160
6173
6186
6199
6211
6224
6240
6252
6263
6273
6286
6298
6312
6328
6344
6359
6368
6383
6395
6407
6417
6427
6440
6449
6462
6470
6490
6497
6509
6525
6540
6547
6556
6568
6580
6589
6604
6615
6632
6648
6661
6670
6689
6697
6709
6721
6731
6739
6752
6764
6775
6783
6800
6812
6825
6844
6854
6862
6877
6890
6895
6909
6928
6944
6953
6962
6977
6988
6997
7010
7027
7049
7060
7066
7075
7089
7104
7116
7131
7143
7159
7175
7191
7206
7223
7233
7241
7254
7259
7268
7285
7295
7305
7313
7324
7340
7352
7366
7378
7394
7411
7422
7435
7446
7457
7469
7484
7496
7509
7525
7545
7556
7567
7576
7591
7611
7620
7631
7647
7653
7661
7678
7690
7702
7720
7731
7747
7754
7768
7783
7796
7807
7820
7825
7837
7847
7857
7870
7880
7894
7908
7917
7928
7943
7954
7968
7983
7997
8017
8030
8038
8055
8067
8078
8085
8100
8111
8132
8146
8157
8167
8181
8194
8211
8223
8233
8244
8252
8256
8268
8285
8296
8306
8312
8324
8337
8353
8366
8377
8392
8403
8415
8430
8434
8446
8457
8469
8480
8487
8495
8507
8518
8528
8546
8559
8571
8586
8598
8610
8619
8626
8646
8656
8672
8684
8695
8717
8731
8745
8755
8767
8777
8792
8806
8823
8834
8842
8864
8875
8885
8896
8908
8922
8935
8949
8959
8976
8989
9001
9017
9027
9043
9058
9074
9095
9113
9123
9135
9143
9155
9168
9181
9193
9203
9211
9224
9233
9244
9255
9266
9284
9300
9311
9324
9338
9350
9359
9381
9393
9403
9419
9436
9451
9463
9476
9493
9510
9521
9536
9548
9560
9571
9580
9593
9601
9617
9627
9646
9656
9665
9679
9692
9704
9717
9736
9748
9758
9768
9782
9801
9815
9826
9832
9840
9851
9869
9877
9895
9912
9926
9938
9952
9963
9980
9993
10006
10019
10036
10053
10065
10073
10085
10107
10120
10134
10149
10159
10174
10189
10200
10216
10227
10238
10250
10262
10277
10294
10305
10319
10333
10347
10360
10369
10374
10390
10403
10418
10430
10440
10454
10463
10481
10498
10512
10523
10539
10554
10566
10580
10597
10614
10633
10644
10653
10664
10680
10700
10708
10718
10730
10741
10758
10770
10784
10793
10810
10829
10843
10853
10862
10872
10885
10900
10915
10933
10948
10962
10984
10992
11001
11011
11023
11035
11046
11064
11075
11096
11109
11127
11144
11152
11166
11187
11199
11208
11223
11235
11257
11271
11284
11287
11302
11311
11322
11331
11346
11358
11372
11381
11389
11400
11414
11425
11440
11450
11459
11472
11487
11506
11517
11532
11552
11564
11573
11592
11604
11614
11626
11642
11659
11667
11676
11688
11700
11721
11738
11749
11760
11777
11790
11807
11820
11835
11849
11856
11875
11890
11909
11920
11933
11950
11974
11984
11995
12009
12020
12034
12050
12058
12073
12087
12103
12120
12139
12155
12174
12187
12200
12213
12225
12232
12241
12255
12263
12279
12284
12297
12311
12320
12329
12345
12355
12366
12379
12395
12408
12417
12435
12456
12471
12487
12497
12507
12523
12542
12549
12561
12573
12580
12591
12603
12622
12633
12643
12652
12662
12672
12685
12698
12708
12719
12735
12746
